0 1E-6
1 0,04348
2 0,08696
3 0,13044
4 0,17391
5 0,21739
6 0,26087
7 0,30435
8 0,34783
9 0,39131
10 0,43478
11 0,47826
12 0,52174
13 0,56522
14 0,6087
15 0,65217
16 0,69565
17 0,73913
18 0,78261
19 0,82609
20 0,86957
21 0,91304
22 0,95652
23 1
24 1,04348
25 1,08696
26 1,13044
27 1,17391
28 1,21739
29 1,26087
30 1,30435
31 1,34783
32 1,39131
33 1,43478
34 1,47826
35 1,52174
36 1,56522
37 1,6087
38 1,65217
39 1,69565
40 1,73913
41 1,78261
42 1,82609
43 1,86957
44 1,91304
45 1,95652
46 2
47 2,04348
48 2,08696
49 2,13044
50 2,17391
51 2,21739
52 2,26087
53 2,30435
54 2,34783
55 2,39131
56 2,43478
57 2,47826
58 2,52174
59 2,56522
60 2,6087
61 2,65217
62 2,69565
63 2,73913
64 2,78261
65 2,82609
66 2,86957
67 2,91304
68 2,95652
69 3
70 3,04348
71 3,08696
72 3,13044
73 3,17391
74 3,21739
75 3,26087
76 3,30435
77 3,34783
78 3,39131
79 3,43478
80 3,47826
81 3,52174
82 3,56522
83 3,6087
84 3,65217
85 3,69565
86 3,73913
87 3,78261
88 3,82609
89 3,86957
90 3,91304
91 3,95652
92 4
93 4,04348
94 4,08696
95 4,13044
96 4,17391
97 4,21739
98 4,26087
99 4,30435
100 4,34783
101 4,3913
102 4,43478
103 4,47826
104 4,52174
105 4,56522
106 4,6087
107 4,65217
108 4,69565
109 4,73913
110 4,78261
111 4,82609
112 4,86957
113 4,91304
114 4,95652
115 5
116 5,04348
117 5,08696
118 5,13044
119 5,17391
120 5,21739
121 5,26087
122 5,30435
123 5,34783
124 5,3913
125 5,43478
126 5,47826
127 5,52174
128 5,56522
129 5,6087
130 5,65217
131 5,69565
132 5,73913
133 5,78261
134 5,82609
135 5,86957
136 5,91304
137 5,95652
138 6
139 6,04348
140 6,08696
141 6,13044
142 6,17391
143 6,21739
144 6,26087
145 6,30435
146 6,34783
147 6,3913
148 6,43478
149 6,47826
150 6,52174
151 6,56522
152 6,6087
153 6,65217
154 6,69565
155 6,73913
156 6,78261
157 6,82609
158 6,86957
159 6,91304
160 6,95652
161 7
162 7,04348
163 7,08696
164 7,13044
165 7,17391
166 7,21739
167 7,26087
168 7,30435
169 7,34783
170 7,3913
171 7,43478
172 7,47826
173 7,52174
174 7,56522
175 7,6087
176 7,65217
177 7,69565
178 7,73913
179 7,78261
180 7,82609
181 7,86957
182 7,91304
183 7,95652
184 8
185 8,04348
186 8,08696
187 8,13043
188 8,17391
189 8,21739
190 8,26087
191 8,30435
192 8,34783
193 8,3913
194 8,43478
195 8,47826
196 8,52174
197 8,56522
198 8,6087
199 8,65217
200 8,69565
201 8,73913
202 8,78261
203 8,82609
204 8,86957
205 8,91304
206 8,95652
207 9
208 9,04348
209 9,08696
210 9,13043
211 9,17391
212 9,21739
213 9,26087
214 9,30435
215 9,34783
216 9,3913
217 9,43478
218 9,47826
219 9,52174
220 9,56522
221 9,6087
222 9,65217
223 9,69565
224 9,73913
225 9,78261
226 9,82609
227 9,86957
228 9,91304
229 9,95652
230 10
231 10,04255
232 10,08511
233 10,12766
234 10,17021
235 10,21277
236 10,25532
237 10,29787
238 10,34043
239 10,38298
240 10,42553
241 10,46809
242 10,51064
243 10,55319
244 10,59574
245 10,6383
246 10,68085
247 10,7234
248 10,76596
249 10,80851
250 10,85106
251 10,89362
252 10,93617
253 10,97872
254 11,02128
255 11,06383
256 11,10638
257 11,14894
258 11,19149
259 11,23404
260 11,2766
261 11,31915
262 11,3617
263 11,40426
264 11,44681
265 11,48936
266 11,53191
267 11,57447
268 11,61702
269 11,65957
270 11,70213
271 11,74468
272 11,78723
273 11,82979
274 11,87234
275 11,91489
276 11,95745
277 12
278 12,04255
279 12,08511
280 12,12766
281 12,17021
282 12,21277
283 12,25532
284 12,29787
285 12,34043
286 12,38298
287 12,42553
288 12,46809
289 12,51064
290 12,55319
291 12,59574
292 12,6383
293 12,68085
294 12,7234
295 12,76596
296 12,80851
297 12,85106
298 12,89362
299 12,93617
300 12,97872
301 13,02128
302 13,06383
303 13,10638
304 13,14894
305 13,19149
306 13,23404
307 13,2766
308 13,31915
309 13,3617
310 13,40426
311 13,44681
312 13,48936
313 13,53191
314 13,57447
315 13,61702
316 13,65957
317 13,70213
318 13,74468
319 13,78723
320 13,82979
321 13,87234
322 13,91489
323 13,95745
324 14
325 14,04255
326 14,08511
327 14,12766
328 14,17021
329 14,21277
330 14,25532
331 14,29787
332 14,34043
333 14,38298
334 14,42553
335 14,46809
336 14,51064
337 14,55319
338 14,59574
339 14,6383
340 14,68085
341 14,7234
342 14,76596
343 14,80851
344 14,85106
345 14,89362
346 14,93617
347 14,97872
348 15,02128
349 15,06383
350 15,10638
351 15,14894
352 15,19149
353 15,23404
354 15,2766
355 15,31915
356 15,3617
357 15,40426
358 15,44681
359 15,48936
360 15,53191
361 15,57447
362 15,61702
363 15,65957
364 15,70213
365 15,74468
366 15,78723
367 15,82979
368 15,87234
369 15,91489
370 15,95745
371 16
372 16,04255
373 16,08511
374 16,12766
375 16,17021
376 16,21277
377 16,25532
378 16,29787
379 16,34043
380 16,38298
381 16,42553
382 16,46809
383 16,51064
384 16,55319
385 16,59574
386 16,6383
387 16,68085
388 16,7234
389 16,76596
390 16,80851
391 16,85106
392 16,89362
393 16,93617
394 16,97872
395 17,02128
396 17,06383
397 17,10638
398 17,14894
399 17,19149
400 17,23404
401 17,2766
402 17,31915
403 17,3617
404 17,40426
405 17,44681
406 17,48936
407 17,53191
408 17,57447
409 17,61702
410 17,65957
411 17,70213
412 17,74468
413 17,78723
414 17,82979
415 17,87234
416 17,91489
417 17,95745
418 18
419 18,04255
420 18,08511
421 18,12766
422 18,17021
423 18,21277
424 18,25532
425 18,29787
426 18,34043
427 18,38298
428 18,42553
429 18,46809
430 18,51064
431 18,55319
432 18,59574
433 18,6383
434 18,68085
435 18,7234
436 18,76596
437 18,80851
438 18,85106
439 18,89362
440 18,93617
441 18,97872
442 19,02128
443 19,06383
444 19,10638
445 19,14894
446 19,19149
447 19,23404
448 19,2766
449 19,31915
450 19,3617
451 19,40426
452 19,44681
453 19,48936
454 19,53191
455 19,57447
456 19,61702
457 19,65957
458 19,70213
459 19,74468
460 19,78723
461 19,82979
462 19,87234
463 19,91489
464 19,95745
465 20
466 20,04255
467 20,08511
468 20,12766
469 20,17021
470 20,21277
471 20,25532
472 20,29787
473 20,34043
474 20,38298
475 20,42553
476 20,46809
477 20,51064
478 20,55319
479 20,59574
480 20,6383
481 20,68085
482 20,7234
483 20,76596
484 20,80851
485 20,85106
486 20,89362
487 20,93617
488 20,97872
489 21,02128
490 21,06383
491 21,10638
492 21,14894
493 21,19149
494 21,23404
495 21,2766
496 21,31915
497 21,3617
498 21,40426
499 21,44681
500 21,48936
501 21,53191
502 21,57447
503 21,61702
504 21,65957
505 21,70213
506 21,74468
507 21,78723
508 21,82979
509 21,87234
510 21,91489
511 21,95745
512 22
513 22,04255
514 22,08511
515 22,12766
516 22,17021
517 22,21277
518 22,25532
519 22,29787
520 22,34043
521 22,38298
522 22,42553
523 22,46809
524 22,51064
525 22,55319
526 22,59574
527 22,6383
528 22,68085
529 22,7234
530 22,76596
531 22,80851
532 22,85106
533 22,89362
534 22,93617
535 22,97872
536 23,02128
537 23,06383
538 23,10638
539 23,14894
540 23,19149
541 23,23404
542 23,2766
543 23,31915
544 23,3617
545 23,40426
546 23,44681
547 23,48936
548 23,53191
549 23,57447
550 23,61702
551 23,65957
552 23,70213
553 23,74468
554 23,78723
555 23,82979
556 23,87234
557 23,91489
558 23,95745
559 24
560 24,04255
561 24,08511
562 24,12766
563 24,17021
564 24,21277
565 24,25532
566 24,29787
567 24,34043
568 24,38298
569 24,42553
570 24,46809
571 24,51064
572 24,55319
573 24,59574
574 24,6383
575 24,68085
576 24,7234
577 24,76596
578 24,80851
579 24,85106
580 24,89362
581 24,93617
582 24,97872
583 25,02128
584 25,06383
585 25,10638
586 25,14894
587 25,19149
588 25,23404
589 25,2766
590 25,31915
591 25,3617
592 25,40426
593 25,44681
594 25,48936
595 25,53191
596 25,57447
597 25,61702
598 25,65957
599 25,70213
600 25,74468
601 25,78723
602 25,82979
603 25,87234
604 25,91489
605 25,95745
606 26
607 26,04255
608 26,08511
609 26,12766
610 26,17021
611 26,21277
612 26,25532
613 26,29787
614 26,34043
615 26,38298
616 26,42553
617 26,46809
618 26,51064
619 26,55319
620 26,59574
621 26,6383
622 26,68085
623 26,7234
624 26,76596
625 26,80851
626 26,85106
627 26,89362
628 26,93617
629 26,97872
630 27,02128
631 27,06383
632 27,10638
633 27,14894
634 27,19149
635 27,23404
636 27,2766
637 27,31915
638 27,3617
639 27,40426
640 27,44681
641 27,48936
642 27,53191
643 27,57447
644 27,61702
645 27,65957
646 27,70213
647 27,74468
648 27,78723
649 27,82979
650 27,87234
651 27,91489
652 27,95745
653 28
654 28,04255
655 28,08511
656 28,12766
657 28,17021
658 28,21277
659 28,25532
660 28,29787
661 28,34043
662 28,38298
663 28,42553
664 28,46809
665 28,51064
666 28,55319
667 28,59574
668 28,6383
669 28,68085
670 28,7234
671 28,76596
672 28,80851
673 28,85106
674 28,89362
675 28,93617
676 28,97872
677 29,02128
678 29,06383
679 29,10638
680 29,14894
681 29,19149
682 29,23404
683 29,2766
684 29,31915
685 29,3617
686 29,40426
687 29,44681
688 29,48936
689 29,53191
690 29,57447
691 29,61702
692 29,65957
693 29,70213
694 29,74468
695 29,78723
696 29,82979
697 29,87234
698 29,91489
699 29,95745
700 30
701 30,04202
702 30,08403
703 30,12605
704 30,16807
705 30,21008
706 30,2521
707 30,29412
708 30,33613
709 30,37815
710 30,42017
711 30,46218
712 30,5042
713 30,54622
714 30,58824
715 30,63025
716 30,67227
717 30,71429
718 30,7563
719 30,79832
720 30,84034
721 30,88235
722 30,92437
723 30,96639
724 31,0084
725 31,05042
726 31,09244
727 31,13445
728 31,17647
729 31,21849
730 31,2605
731 31,30252
732 31,34454
733 31,38655
734 31,42857
735 31,47059
736 31,51261
737 31,55462
738 31,59664
739 31,63866
740 31,68067
741 31,72269
742 31,76471
743 31,80672
744 31,84874
745 31,89076
746 31,93277
747 31,97479
748 32,01681
749 32,05882
750 32,10084
751 32,14286
752 32,18487
753 32,22689
754 32,26891
755 32,31092
756 32,35294
757 32,39496
758 32,43697
759 32,47899
760 32,52101
761 32,56303
762 32,60504
763 32,64706
764 32,68908
765 32,73109
766 32,77311
767 32,81513
768 32,85714
769 32,89916
770 32,94118
771 32,98319
772 33,02521
773 33,06723
774 33,10924
775 33,15126
776 33,19328
777 33,23529
778 33,27731
779 33,31933
780 33,36134
781 33,40336
782 33,44538
783 33,48739
784 33,52941
785 33,57143
786 33,61345
787 33,65546
788 33,69748
789 33,7395
790 33,78151
791 33,82353
792 33,86555
793 33,90756
794 33,94958
795 33,9916
796 34,03361
797 34,07563
798 34,11765
799 34,15966
800 34,20168
801 34,2437
802 34,28571
803 34,32773
804 34,36975
805 34,41176
806 34,45378
807 34,4958
808 34,53782
809 34,57983
810 34,62185
811 34,66387
812 34,70588
813 34,7479
814 34,78992
815 34,83193
816 34,87395
817 34,91597
818 34,95798
819 35
820 35,04202
821 35,08403
822 35,12605
823 35,16807
824 35,21008
825 35,2521
826 35,29412
827 35,33613
828 35,37815
829 35,42017
830 35,46218
831 35,5042
832 35,54622
833 35,58824
834 35,63025
835 35,67227
836 35,71429
837 35,7563
838 35,79832
839 35,84034
840 35,88235
841 35,92437
842 35,96639
843 36,0084
844 36,05042
845 36,09244
846 36,13445
847 36,17647
848 36,21849
849 36,2605
850 36,30252
851 36,34454
852 36,38655
853 36,42857
854 36,47059
855 36,51261
856 36,55462
857 36,59664
858 36,63866
859 36,68067
860 36,72269
861 36,76471
862 36,80672
863 36,84874
864 36,89076
865 36,93277
866 36,97479
867 37,01681
868 37,05882
869 37,10084
870 37,14286
871 37,18487
872 37,22689
873 37,26891
874 37,31092
875 37,35294
876 37,39496
877 37,43697
878 37,47899
879 37,52101
880 37,56303
881 37,60504
882 37,64706
883 37,68908
884 37,73109
885 37,77311
886 37,81513
887 37,85714
888 37,89916
889 37,94118
890 37,98319
891 38,02521
892 38,06723
893 38,10924
894 38,15126
895 38,19328
896 38,23529
897 38,27731
898 38,31933
899 38,36134
900 38,40336
901 38,44538
902 38,48739
903 38,52941
904 38,57143
905 38,61345
906 38,65546
907 38,69748
908 38,7395
909 38,78151
910 38,82353
911 38,86555
912 38,90756
913 38,94958
914 38,9916
915 39,03361
916 39,07563
917 39,11765
918 39,15966
919 39,20168
920 39,2437
921 39,28571
922 39,32773
923 39,36975
924 39,41176
925 39,45378
926 39,4958
927 39,53782
928 39,57983
929 39,62185
930 39,66387
931 39,70588
932 39,7479
933 39,78992
934 39,83193
935 39,87395
936 39,91597
937 39,95798
938 40
939 40,04219
940 40,08439
941 40,12658
942 40,16878
943 40,21097
944 40,25316
945 40,29536
946 40,33755
947 40,37975
948 40,42194
949 40,46414
950 40,50633
951 40,54852
952 40,59072
953 40,63291
954 40,67511
955 40,7173
956 40,75949
957 40,80169
958 40,84388
959 40,88608
960 40,92827
961 40,97046
962 41,01266
963 41,05485
964 41,09705
965 41,13924
966 41,18143
967 41,22363
968 41,26582
969 41,30802
970 41,35021
971 41,39241
972 41,4346
973 41,47679
974 41,51899
975 41,56118
976 41,60338
977 41,64557
978 41,68776
979 41,72996
980 41,77215
981 41,81435
982 41,85654
983 41,89873
984 41,94093
985 41,98312
986 42,02532
987 42,06751
988 42,1097
989 42,1519
990 42,19409
991 42,23629
992 42,27848
993 42,32068
994 42,36287
995 42,40506
996 42,44726
997 42,48945
998 42,53165
999 42,57384
1000 42,61603
1001 42,65823
1002 42,70042
1003 42,74262
1004 42,78481
1005 42,827
1006 42,8692
1007 42,91139
1008 42,95359
1009 42,99578
1010 43,03797
1011 43,08017
1012 43,12236
1013 43,16456
1014 43,20675
1015 43,24895
1016 43,29114
1017 43,33333
1018 43,37553
1019 43,41772
1020 43,45992
1021 43,50211
1022 43,5443
1023 43,5865
1024 43,62869
1025 43,67089
1026 43,71308
1027 43,75527
1028 43,79747
1029 43,83966
1030 43,88186
1031 43,92405
1032 43,96624
1033 44,00844
1034 44,05063
1035 44,09283
1036 44,13502
1037 44,17722
1038 44,21941
1039 44,2616
1040 44,3038
1041 44,34599
1042 44,38819
1043 44,43038
1044 44,47257
1045 44,51477
1046 44,55696
1047 44,59916
1048 44,64135
1049 44,68354
1050 44,72574
1051 44,76793
1052 44,81013
1053 44,85232
1054 44,89451
1055 44,93671
1056 44,9789
1057 45,0211
1058 45,06329
1059 45,10549
1060 45,14768
1061 45,18987
1062 45,23207
1063 45,27426
1064 45,31646
1065 45,35865
1066 45,40084
1067 45,44304
1068 45,48523
1069 45,52743
1070 45,56962
1071 45,61181
1072 45,65401
1073 45,6962
1074 45,7384
1075 45,78059
1076 45,82278
1077 45,86498
1078 45,90717
1079 45,94937
1080 45,99156
1081 46,03376
1082 46,07595
1083 46,11814
1084 46,16034
1085 46,20253
1086 46,24473
1087 46,28692
1088 46,32911
1089 46,37131
1090 46,4135
1091 46,4557
1092 46,49789
1093 46,54008
1094 46,58228
1095 46,62447
1096 46,66667
1097 46,70886
1098 46,75105
1099 46,79325
1100 46,83544
1101 46,87764
1102 46,91983
1103 46,96203
1104 47,00422
1105 47,04641
1106 47,08861
1107 47,1308
1108 47,173
1109 47,21519
1110 47,25738
1111 47,29958
1112 47,34177
1113 47,38397
1114 47,42616
1115 47,46835
1116 47,51055
1117 47,55274
1118 47,59494
1119 47,63713
1120 47,67932
1121 47,72152
1122 47,76371
1123 47,80591
1124 47,8481
1125 47,8903
1126 47,93249
1127 47,97468
1128 48,01688
1129 48,05907
1130 48,10127
1131 48,14346
1132 48,18565
1133 48,22785
1134 48,27004
1135 48,31224
1136 48,35443
1137 48,39662
1138 48,43882
1139 48,48101
1140 48,52321
1141 48,5654
1142 48,60759
1143 48,64979
1144 48,69198
1145 48,73418
1146 48,77637
1147 48,81857
1148 48,86076
1149 48,90295
1150 48,94515
1151 48,98734
1152 49,02954
1153 49,07173
1154 49,11392
1155 49,15612
1156 49,19831
1157 49,24051
1158 49,2827
1159 49,32489
1160 49,36709
1161 49,40928
1162 49,45148
1163 49,49367
1164 49,53586
1165 49,57806
1166 49,62025
1167 49,66245
1168 49,70464
1169 49,74684
1170 49,78903
1171 49,83122
1172 49,87342
1173 49,91561
1174 49,95781
1175 50
1176 50,04082
1177 50,08163
1178 50,12245
1179 50,16327
1180 50,20408
1181 50,2449
1182 50,28571
1183 50,32653
1184 50,36735
1185 50,40816
1186 50,44898
1187 50,4898
1188 50,53061
1189 50,57143
1190 50,61224
1191 50,65306
1192 50,69388
1193 50,73469
1194 50,77551
1195 50,81633
1196 50,85714
1197 50,89796
1198 50,93878
1199 50,97959
1200 51,02041
1201 51,06122
1202 51,10204
1203 51,14286
1204 51,18367
1205 51,22449
1206 51,26531
1207 51,30612
1208 51,34694
1209 51,38776
1210 51,42857
1211 51,46939
1212 51,5102
1213 51,55102
1214 51,59184
1215 51,63265
1216 51,67347
1217 51,71429
1218 51,7551
1219 51,79592
1220 51,83673
1221 51,87755
1222 51,91837
1223 51,95918
1224 52
1225 52,04082
1226 52,08163
1227 52,12245
1228 52,16327
1229 52,20408
1230 52,2449
1231 52,28571
1232 52,32653
1233 52,36735
1234 52,40816
1235 52,44898
1236 52,4898
1237 52,53061
1238 52,57143
1239 52,61224
1240 52,65306
1241 52,69388
1242 52,73469
1243 52,77551
1244 52,81633
1245 52,85714
1246 52,89796
1247 52,93878
1248 52,97959
1249 53,02041
1250 53,06122
1251 53,10204
1252 53,14286
1253 53,18367
1254 53,22449
1255 53,26531
1256 53,30612
1257 53,34694
1258 53,38776
1259 53,42857
1260 53,46939
1261 53,5102
1262 53,55102
1263 53,59184
1264 53,63265
1265 53,67347
1266 53,71429
1267 53,7551
1268 53,79592
1269 53,83673
1270 53,87755
1271 53,91837
1272 53,95918
1273 54
1274 54,04082
1275 54,08163
1276 54,12245
1277 54,16327
1278 54,20408
1279 54,2449
1280 54,28571
1281 54,32653
1282 54,36735
1283 54,40816
1284 54,44898
1285 54,4898
1286 54,53061
1287 54,57143
1288 54,61224
1289 54,65306
1290 54,69388
1291 54,73469
1292 54,77551
1293 54,81633
1294 54,85714
1295 54,89796
1296 54,93878
1297 54,97959
1298 55,02041
1299 55,06122
1300 55,10204
1301 55,14286
1302 55,18367
1303 55,22449
1304 55,26531
1305 55,30612
1306 55,34694
1307 55,38776
1308 55,42857
1309 55,46939
1310 55,5102
1311 55,55102
1312 55,59184
1313 55,63265
1314 55,67347
1315 55,71429
1316 55,7551
1317 55,79592
1318 55,83673
1319 55,87755
1320 55,91837
1321 55,95918
1322 56
1323 56,04082
1324 56,08163
1325 56,12245
1326 56,16327
1327 56,20408
1328 56,2449
1329 56,28571
1330 56,32653
1331 56,36735
1332 56,40816
1333 56,44898
1334 56,4898
1335 56,53061
1336 56,57143
1337 56,61224
1338 56,65306
1339 56,69388
1340 56,73469
1341 56,77551
1342 56,81633
1343 56,85714
1344 56,89796
1345 56,93878
1346 56,97959
1347 57,02041
1348 57,06122
1349 57,10204
1350 57,14286
1351 57,18367
1352 57,22449
1353 57,26531
1354 57,30612
1355 57,34694
1356 57,38776
1357 57,42857
1358 57,46939
1359 57,5102
1360 57,55102
1361 57,59184
1362 57,63265
1363 57,67347
1364 57,71429
1365 57,7551
1366 57,79592
1367 57,83673
1368 57,87755
1369 57,91837
1370 57,95918
1371 58
1372 58,04082
1373 58,08163
1374 58,12245
1375 58,16327
1376 58,20408
1377 58,2449
1378 58,28571
1379 58,32653
1380 58,36735
1381 58,40816
1382 58,44898
1383 58,4898
1384 58,53061
1385 58,57143
1386 58,61224
1387 58,65306
1388 58,69388
1389 58,73469
1390 58,77551
1391 58,81633
1392 58,85714
1393 58,89796
1394 58,93878
1395 58,97959
1396 59,02041
1397 59,06122
1398 59,10204
1399 59,14286
1400 59,18367
1401 59,22449
1402 59,26531
1403 59,30612
1404 59,34694
1405 59,38776
1406 59,42857
1407 59,46939
1408 59,5102
1409 59,55102
1410 59,59184
1411 59,63265
1412 59,67347
1413 59,71429
1414 59,7551
1415 59,79592
1416 59,83673
1417 59,87755
1418 59,91837
1419 59,95918
1420 60
1421 60,04255
1422 60,08511
1423 60,12766
1424 60,17021
1425 60,21277
1426 60,25532
1427 60,29787
1428 60,34043
1429 60,38298
1430 60,42553
1431 60,46809
1432 60,51064
1433 60,55319
1434 60,59574
1435 60,6383
1436 60,68085
1437 60,7234
1438 60,76596
1439 60,80851
1440 60,85106
1441 60,89362
1442 60,93617
1443 60,97872
1444 61,02128
1445 61,06383
1446 61,10638
1447 61,14894
1448 61,19149
1449 61,23404
1450 61,2766
1451 61,31915
1452 61,3617
1453 61,40426
1454 61,44681
1455 61,48936
1456 61,53191
1457 61,57447
1458 61,61702
1459 61,65957
1460 61,70213
1461 61,74468
1462 61,78723
1463 61,82979
1464 61,87234
1465 61,91489
1466 61,95745
1467 62
1468 62,04255
1469 62,08511
1470 62,12766
1471 62,17021
1472 62,21277
1473 62,25532
1474 62,29787
1475 62,34043
1476 62,38298
1477 62,42553
1478 62,46809
1479 62,51064
1480 62,55319
1481 62,59574
1482 62,6383
1483 62,68085
1484 62,7234
1485 62,76596
1486 62,80851
1487 62,85106
1488 62,89362
1489 62,93617
1490 62,97872
1491 63,02128
1492 63,06383
1493 63,10638
1494 63,14894
1495 63,19149
1496 63,23404
1497 63,2766
1498 63,31915
1499 63,3617
1500 63,40426
1501 63,44681
1502 63,48936
1503 63,53191
1504 63,57447
1505 63,61702
1506 63,65957
1507 63,70213
1508 63,74468
1509 63,78723
1510 63,82979
1511 63,87234
1512 63,91489
1513 63,95745
1514 64
1515 64,04255
1516 64,08511
1517 64,12766
1518 64,17021
1519 64,21277
1520 64,25532
1521 64,29787
1522 64,34043
1523 64,38298
1524 64,42553
1525 64,46809
1526 64,51064
1527 64,55319
1528 64,59574
1529 64,6383
1530 64,68085
1531 64,7234
1532 64,76596
1533 64,80851
1534 64,85106
1535 64,89362
1536 64,93617
1537 64,97872
1538 65,02128
1539 65,06383
1540 65,10638
1541 65,14894
1542 65,19149
1543 65,23404
1544 65,2766
1545 65,31915
1546 65,3617
1547 65,40426
1548 65,44681
1549 65,48936
1550 65,53191
1551 65,57447
1552 65,61702
1553 65,65957
1554 65,70213
1555 65,74468
1556 65,78723
1557 65,82979
1558 65,87234
1559 65,91489
1560 65,95745
1561 66
1562 66,04255
1563 66,08511
1564 66,12766
1565 66,17021
1566 66,21277
1567 66,25532
1568 66,29787
1569 66,34043
1570 66,38298
1571 66,42553
1572 66,46809
1573 66,51064
1574 66,55319
1575 66,59574
1576 66,6383
1577 66,68085
1578 66,7234
1579 66,76596
1580 66,80851
1581 66,85106
1582 66,89362
1583 66,93617
1584 66,97872
1585 67,02128
1586 67,06383
1587 67,10638
1588 67,14894
1589 67,19149
1590 67,23404
1591 67,2766
1592 67,31915
1593 67,3617
1594 67,40426
1595 67,44681
1596 67,48936
1597 67,53191
1598 67,57447
1599 67,61702
1600 67,65957
1601 67,70213
1602 67,74468
1603 67,78723
1604 67,82979
1605 67,87234
1606 67,91489
1607 67,95745
1608 68
1609 68,04255
1610 68,08511
1611 68,12766
1612 68,17021
1613 68,21277
1614 68,25532
1615 68,29787
1616 68,34043
1617 68,38298
1618 68,42553
1619 68,46809
1620 68,51064
1621 68,55319
1622 68,59574
1623 68,6383
1624 68,68085
1625 68,7234
1626 68,76596
1627 68,80851
1628 68,85106
1629 68,89362
1630 68,93617
1631 68,97872
1632 69,02128
1633 69,06383
1634 69,10638
1635 69,14894
1636 69,19149
1637 69,23404
1638 69,2766
1639 69,31915
1640 69,3617
1641 69,40426
1642 69,44681
1643 69,48936
1644 69,53191
1645 69,57447
1646 69,61702
1647 69,65957
1648 69,70213
1649 69,74468
1650 69,78723
1651 69,82979
1652 69,87234
1653 69,91489
1654 69,95745
1655 70
1656 70,04255
1657 70,08511
1658 70,12766
1659 70,17021
1660 70,21277
1661 70,25532
1662 70,29787
1663 70,34043
1664 70,38298
1665 70,42553
1666 70,46809
1667 70,51064
1668 70,55319
1669 70,59574
1670 70,6383
1671 70,68085
1672 70,7234
1673 70,76596
1674 70,80851
1675 70,85106
1676 70,89362
1677 70,93617
1678 70,97872
1679 71,02128
1680 71,06383
1681 71,10638
1682 71,14894
1683 71,19149
1684 71,23404
1685 71,2766
1686 71,31915
1687 71,3617
1688 71,40426
1689 71,44681
1690 71,48936
1691 71,53191
1692 71,57447
1693 71,61702
1694 71,65957
1695 71,70213
1696 71,74468
1697 71,78723
1698 71,82979
1699 71,87234
1700 71,91489
1701 71,95745
1702 72
1703 72,04255
1704 72,08511
1705 72,12766
1706 72,17021
1707 72,21277
1708 72,25532
1709 72,29787
1710 72,34043
1711 72,38298
1712 72,42553
1713 72,46809
1714 72,51064
1715 72,55319
1716 72,59574
1717 72,6383
1718 72,68085
1719 72,7234
1720 72,76596
1721 72,80851
1722 72,85106
1723 72,89362
1724 72,93617
1725 72,97872
1726 73,02128
1727 73,06383
1728 73,10638
1729 73,14894
1730 73,19149
1731 73,23404
1732 73,2766
1733 73,31915
1734 73,3617
1735 73,40426
1736 73,44681
1737 73,48936
1738 73,53191
1739 73,57447
1740 73,61702
1741 73,65957
1742 73,70213
1743 73,74468
1744 73,78723
1745 73,82979
1746 73,87234
1747 73,91489
1748 73,95745
1749 74
1750 74,04255
1751 74,08511
1752 74,12766
1753 74,17021
1754 74,21277
1755 74,25532
1756 74,29787
1757 74,34043
1758 74,38298
1759 74,42553
1760 74,46809
1761 74,51064
1762 74,55319
1763 74,59574
1764 74,6383
1765 74,68085
1766 74,7234
1767 74,76596
1768 74,80851
1769 74,85106
1770 74,89362
1771 74,93617
1772 74,97872
1773 75,02128
1774 75,06383
1775 75,10638
1776 75,14894
1777 75,19149
1778 75,23404
1779 75,2766
1780 75,31915
1781 75,3617
1782 75,40426
1783 75,44681
1784 75,48936
1785 75,53191
1786 75,57447
1787 75,61702
1788 75,65957
1789 75,70213
1790 75,74468
1791 75,78723
1792 75,82979
1793 75,87234
1794 75,91489
1795 75,95745
1796 76
1797 76,04255
1798 76,08511
1799 76,12766
1800 76,17021
1801 76,21277
1802 76,25532
1803 76,29787
1804 76,34043
1805 76,38298
1806 76,42553
1807 76,46809
1808 76,51064
1809 76,55319
1810 76,59574
1811 76,6383
1812 76,68085
1813 76,7234
1814 76,76596
1815 76,80851
1816 76,85106
1817 76,89362
1818 76,93617
1819 76,97872
1820 77,02128
1821 77,06383
1822 77,10638
1823 77,14894
1824 77,19149
1825 77,23404
1826 77,2766
1827 77,31915
1828 77,3617
1829 77,40426
1830 77,44681
1831 77,48936
1832 77,53191
1833 77,57447
1834 77,61702
1835 77,65957
1836 77,70213
1837 77,74468
1838 77,78723
1839 77,82979
1840 77,87234
1841 77,91489
1842 77,95745
1843 78
1844 78,04255
1845 78,08511
1846 78,12766
1847 78,17021
1848 78,21277
1849 78,25532
1850 78,29787
1851 78,34043
1852 78,38298
1853 78,42553
1854 78,46809
1855 78,51064
1856 78,55319
1857 78,59574
1858 78,6383
1859 78,68085
1860 78,7234
1861 78,76596
1862 78,80851
1863 78,85106
1864 78,89362
1865 78,93617
1866 78,97872
1867 79,02128
1868 79,06383
1869 79,10638
1870 79,14894
1871 79,19149
1872 79,23404
1873 79,2766
1874 79,31915
1875 79,3617
1876 79,40426
1877 79,44681
1878 79,48936
1879 79,53191
1880 79,57447
1881 79,61702
1882 79,65957
1883 79,70213
1884 79,74468
1885 79,78723
1886 79,82979
1887 79,87234
1888 79,91489
1889 79,95745
1890 80
1891 80,04255
1892 80,08511
1893 80,12766
1894 80,17021
1895 80,21277
1896 80,25532
1897 80,29787
1898 80,34043
1899 80,38298
1900 80,42553
1901 80,46809
1902 80,51064
1903 80,55319
1904 80,59574
1905 80,6383
1906 80,68085
1907 80,7234
1908 80,76596
1909 80,80851
1910 80,85106
1911 80,89362
1912 80,93617
1913 80,97872
1914 81,02128
1915 81,06383
1916 81,10638
1917 81,14894
1918 81,19149
1919 81,23404
1920 81,2766
1921 81,31915
1922 81,3617
1923 81,40426
1924 81,44681
1925 81,48936
1926 81,53191
1927 81,57447
1928 81,61702
1929 81,65957
1930 81,70213
1931 81,74468
1932 81,78723
1933 81,82979
1934 81,87234
1935 81,91489
1936 81,95745
1937 82
1938 82,04255
1939 82,08511
1940 82,12766
1941 82,17021
1942 82,21277
1943 82,25532
1944 82,29787
1945 82,34043
1946 82,38298
1947 82,42553
1948 82,46809
1949 82,51064
1950 82,55319
1951 82,59574
1952 82,6383
1953 82,68085
1954 82,7234
1955 82,76596
1956 82,80851
1957 82,85106
1958 82,89362
1959 82,93617
1960 82,97872
1961 83,02128
1962 83,06383
1963 83,10638
1964 83,14894
1965 83,19149
1966 83,23404
1967 83,2766
1968 83,31915
1969 83,3617
1970 83,40426
1971 83,44681
1972 83,48936
1973 83,53191
1974 83,57447
1975 83,61702
1976 83,65957
1977 83,70213
1978 83,74468
1979 83,78723
1980 83,82979
1981 83,87234
1982 83,91489
1983 83,95745
1984 84
1985 84,04255
1986 84,08511
1987 84,12766
1988 84,17021
1989 84,21277
1990 84,25532
1991 84,29787
1992 84,34043
1993 84,38298
1994 84,42553
1995 84,46809
1996 84,51064
1997 84,55319
1998 84,59574
1999 84,6383
2000 84,68085
2001 84,7234
2002 84,76596
2003 84,80851
2004 84,85106
2005 84,89362
2006 84,93617
2007 84,97872
2008 85,02128
2009 85,06383
2010 85,10638
2011 85,14894
2012 85,19149
2013 85,23404
2014 85,2766
2015 85,31915
2016 85,3617
2017 85,40426
2018 85,44681
2019 85,48936
2020 85,53191
2021 85,57447
2022 85,61702
2023 85,65957
2024 85,70213
2025 85,74468
2026 85,78723
2027 85,82979
2028 85,87234
2029 85,91489
2030 85,95745
2031 86
2032 86,04255
2033 86,08511
2034 86,12766
2035 86,17021
2036 86,21277
2037 86,25532
2038 86,29787
2039 86,34043
2040 86,38298
2041 86,42553
2042 86,46809
2043 86,51064
2044 86,55319
2045 86,59574
2046 86,6383
2047 86,68085
2048 86,7234
2049 86,76596
2050 86,80851
2051 86,85106
2052 86,89362
2053 86,93617
2054 86,97872
2055 87,02128
2056 87,06383
2057 87,10638
2058 87,14894
2059 87,19149
2060 87,23404
2061 87,2766
2062 87,31915
2063 87,3617
2064 87,40426
2065 87,44681
2066 87,48936
2067 87,53191
2068 87,57447
2069 87,61702
2070 87,65957
2071 87,70213
2072 87,74468
2073 87,78723
2074 87,82979
2075 87,87234
2076 87,91489
2077 87,95745
2078 88
2079 88,04255
2080 88,08511
2081 88,12766
2082 88,17021
2083 88,21277
2084 88,25532
2085 88,29787
2086 88,34043
2087 88,38298
2088 88,42553
2089 88,46809
2090 88,51064
2091 88,55319
2092 88,59574
2093 88,6383
2094 88,68085
2095 88,7234
2096 88,76596
2097 88,80851
2098 88,85106
2099 88,89362
2100 88,93617
2101 88,97872
2102 89,02128
2103 89,06383
2104 89,10638
2105 89,14894
2106 89,19149
2107 89,23404
2108 89,2766
2109 89,31915
2110 89,3617
2111 89,40426
2112 89,44681
2113 89,48936
2114 89,53191
2115 89,57447
2116 89,61702
2117 89,65957
2118 89,70213
2119 89,74468
2120 89,78723
2121 89,82979
2122 89,87234
2123 89,91489
2124 89,95745
2125 90
2126 90,04255
2127 90,08511
2128 90,12766
2129 90,17021
2130 90,21277
2131 90,25532
2132 90,29787
2133 90,34043
2134 90,38298
2135 90,42553
2136 90,46809
2137 90,51064
2138 90,55319
2139 90,59574
2140 90,6383
2141 90,68085
2142 90,7234
2143 90,76596
2144 90,80851
2145 90,85106
2146 90,89362
2147 90,93617
2148 90,97872
2149 91,02128
2150 91,06383
2151 91,10638
2152 91,14894
2153 91,19149
2154 91,23404
2155 91,2766
2156 91,31915
2157 91,3617
2158 91,40426
2159 91,44681
2160 91,48936
2161 91,53191
2162 91,57447
2163 91,61702
2164 91,65957
2165 91,70213
2166 91,74468
2167 91,78723
2168 91,82979
2169 91,87234
2170 91,91489
2171 91,95745
2172 92
2173 92,04255
2174 92,08511
2175 92,12766
2176 92,17021
2177 92,21277
2178 92,25532
2179 92,29787
2180 92,34043
2181 92,38298
2182 92,42553
2183 92,46809
2184 92,51064
2185 92,55319
2186 92,59574
2187 92,6383
2188 92,68085
2189 92,7234
2190 92,76596
2191 92,80851
2192 92,85106
2193 92,89362
2194 92,93617
2195 92,97872
2196 93,02128
2197 93,06383
2198 93,10638
2199 93,14894
2200 93,19149
2201 93,23404
2202 93,2766
2203 93,31915
2204 93,3617
2205 93,40426
2206 93,44681
2207 93,48936
2208 93,53191
2209 93,57447
2210 93,61702
2211 93,65957
2212 93,70213
2213 93,74468
2214 93,78723
2215 93,82979
2216 93,87234
2217 93,91489
2218 93,95745
2219 94
2220 94,04255
2221 94,08511
2222 94,12766
2223 94,17021
2224 94,21277
2225 94,25532
2226 94,29787
2227 94,34043
2228 94,38298
2229 94,42553
2230 94,46809
2231 94,51064
2232 94,55319
2233 94,59574
2234 94,6383
2235 94,68085
2236 94,7234
2237 94,76596
2238 94,80851
2239 94,85106
2240 94,89362
2241 94,93617
2242 94,97872
2243 95,02128
2244 95,06383
2245 95,10638
2246 95,14894
2247 95,19149
2248 95,23404
2249 95,2766
2250 95,31915
2251 95,3617
2252 95,40426
2253 95,44681
2254 95,48936
2255 95,53191
2256 95,57447
2257 95,61702
2258 95,65957
2259 95,70213
2260 95,74468
2261 95,78723
2262 95,82979
2263 95,87234
2264 95,91489
2265 95,95745
2266 96
2267 96,04255
2268 96,08511
2269 96,12766
2270 96,17021
2271 96,21277
2272 96,25532
2273 96,29787
2274 96,34043
2275 96,38298
2276 96,42553
2277 96,46809
2278 96,51064
2279 96,55319
2280 96,59574
2281 96,6383
2282 96,68085
2283 96,7234
2284 96,76596
2285 96,80851
2286 96,85106
2287 96,89362
2288 96,93617
2289 96,97872
2290 97,02128
2291 97,06383
2292 97,10638
2293 97,14894
2294 97,19149
2295 97,23404
2296 97,2766
2297 97,31915
2298 97,3617
2299 97,40426
2300 97,44681
2301 97,48936
2302 97,53191
2303 97,57447
2304 97,61702
2305 97,65957
2306 97,70213
2307 97,74468
2308 97,78723
2309 97,82979
2310 97,87234
2311 97,91489
2312 97,95745
2313 98
2314 98,04255
2315 98,08511
2316 98,12766
2317 98,17021
2318 98,21277
2319 98,25532
2320 98,29787
2321 98,34043
2322 98,38298
2323 98,42553
2324 98,46809
2325 98,51064
2326 98,55319
2327 98,59574
2328 98,6383
2329 98,68085
2330 98,7234
2331 98,76596
2332 98,80851
2333 98,85106
2334 98,89362
2335 98,93617
2336 98,97872
2337 99,02128
2338 99,06383
2339 99,10638
2340 99,14894
2341 99,19149
2342 99,23404
2343 99,2766
2344 99,31915
2345 99,3617
2346 99,40426
2347 99,44681
2348 99,48936
2349 99,53191
2350 99,57447
2351 99,61702
2352 99,65957
2353 99,70213
2354 99,74468
2355 99,78723
2356 99,82979
2357 99,87234
2358 99,91489
2359 99,95745
2360 100
2361 100,04348
2362 100,08696
2363 100,13043
2364 100,17391
2365 100,21739
2366 100,26087
2367 100,30435
2368 100,34783
2369 100,3913
2370 100,43478
2371 100,47826
2372 100,52174
2373 100,56522
2374 100,6087
2375 100,65217
2376 100,69565
2377 100,73913
2378 100,78261
2379 100,82609
2380 100,86957
2381 100,91304
2382 100,95652
2383 101
2384 101,04348
2385 101,08696
2386 101,13043
2387 101,17391
2388 101,21739
2389 101,26087
2390 101,30435
2391 101,34783
2392 101,3913
2393 101,43478
2394 101,47826
2395 101,52174
2396 101,56522
2397 101,6087
2398 101,65217
2399 101,69565
2400 101,73913
2401 101,78261
2402 101,82609
2403 101,86957
2404 101,91304
2405 101,95652
2406 102
2407 102,04348
2408 102,08696
2409 102,13043
2410 102,17391
2411 102,21739
2412 102,26087
2413 102,30435
2414 102,34783
2415 102,3913
2416 102,43478
2417 102,47826
2418 102,52174
2419 102,56522
2420 102,6087
2421 102,65217
2422 102,69565
2423 102,73913
2424 102,78261
2425 102,82609
2426 102,86957
2427 102,91304
2428 102,95652
2429 103
2430 103,04348
2431 103,08696
2432 103,13043
2433 103,17391
2434 103,21739
2435 103,26087
2436 103,30435
2437 103,34783
2438 103,3913
2439 103,43478
2440 103,47826
2441 103,52174
2442 103,56522
2443 103,6087
2444 103,65217
2445 103,69565
2446 103,73913
2447 103,78261
2448 103,82609
2449 103,86957
2450 103,91304
2451 103,95652
2452 104
2453 104,04348
2454 104,08696
2455 104,13043
2456 104,17391
2457 104,21739
2458 104,26087
2459 104,30435
2460 104,34783
2461 104,3913
2462 104,43478
2463 104,47826
2464 104,52174
2465 104,56522
2466 104,6087
2467 104,65217
2468 104,69565
2469 104,73913
2470 104,78261
2471 104,82609
2472 104,86957
2473 104,91304
2474 104,95652
2475 105
2476 105,04348
2477 105,08696
2478 105,13043
2479 105,17391
2480 105,21739
2481 105,26087
2482 105,30435
2483 105,34783
2484 105,3913
2485 105,43478
2486 105,47826
2487 105,52174
2488 105,56522
2489 105,6087
2490 105,65217
2491 105,69565
2492 105,73913
2493 105,78261
2494 105,82609
2495 105,86957
2496 105,91304
2497 105,95652
2498 106
2499 106,04348
2500 106,08696
2501 106,13043
2502 106,17391
2503 106,21739
2504 106,26087
2505 106,30435
2506 106,34783
2507 106,3913
2508 106,43478
2509 106,47826
2510 106,52174
2511 106,56522
2512 106,6087
2513 106,65217
2514 106,69565
2515 106,73913
2516 106,78261
2517 106,82609
2518 106,86957
2519 106,91304
2520 106,95652
2521 107
2522 107,04348
2523 107,08696
2524 107,13043
2525 107,17391
2526 107,21739
2527 107,26087
2528 107,30435
2529 107,34783
2530 107,3913
2531 107,43478
2532 107,47826
2533 107,52174
2534 107,56522
2535 107,6087
2536 107,65217
2537 107,69565
2538 107,73913
2539 107,78261
2540 107,82609
2541 107,86957
2542 107,91304
2543 107,95652
2544 108
2545 108,04348
2546 108,08696
2547 108,13043
2548 108,17391
2549 108,21739
2550 108,26087
2551 108,30435
2552 108,34783
2553 108,3913
2554 108,43478
2555 108,47826
2556 108,52174
2557 108,56522
2558 108,6087
2559 108,65217
2560 108,69565
2561 108,73913
2562 108,78261
2563 108,82609
2564 108,86957
2565 108,91304
2566 108,95652
2567 109
2568 109,04348
2569 109,08696
2570 109,13043
2571 109,17391
2572 109,21739
2573 109,26087
2574 109,30435
2575 109,34783
2576 109,3913
2577 109,43478
2578 109,47826
2579 109,52174
2580 109,56522
2581 109,6087
2582 109,65217
2583 109,69565
2584 109,73913
2585 109,78261
2586 109,82609
2587 109,86957
2588 109,91304
2589 109,95652
2590 110
2591 110,04348
2592 110,08696
2593 110,13043
2594 110,17391
2595 110,21739
2596 110,26087
2597 110,30435
2598 110,34783
2599 110,3913
2600 110,43478
2601 110,47826
2602 110,52174
2603 110,56522
2604 110,6087
2605 110,65217
2606 110,69565
2607 110,73913
2608 110,78261
2609 110,82609
2610 110,86957
2611 110,91304
2612 110,95652
2613 111
2614 111,04348
2615 111,08696
2616 111,13043
2617 111,17391
2618 111,21739
2619 111,26087
2620 111,30435
2621 111,34783
2622 111,3913
2623 111,43478
2624 111,47826
2625 111,52174
2626 111,56522
2627 111,6087
2628 111,65217
2629 111,69565
2630 111,73913
2631 111,78261
2632 111,82609
2633 111,86957
2634 111,91304
2635 111,95652
2636 112
2637 112,04348
2638 112,08696
2639 112,13043
2640 112,17391
2641 112,21739
2642 112,26087
2643 112,30435
2644 112,34783
2645 112,3913
2646 112,43478
2647 112,47826
2648 112,52174
2649 112,56522
2650 112,6087
2651 112,65217
2652 112,69565
2653 112,73913
2654 112,78261
2655 112,82609
2656 112,86957
2657 112,91304
2658 112,95652
2659 113
2660 113,04348
2661 113,08696
2662 113,13043
2663 113,17391
2664 113,21739
2665 113,26087
2666 113,30435
2667 113,34783
2668 113,3913
2669 113,43478
2670 113,47826
2671 113,52174
2672 113,56522
2673 113,6087
2674 113,65217
2675 113,69565
2676 113,73913
2677 113,78261
2678 113,82609
2679 113,86957
2680 113,91304
2681 113,95652
2682 114
2683 114,04348
2684 114,08696
2685 114,13043
2686 114,17391
2687 114,21739
2688 114,26087
2689 114,30435
2690 114,34783
2691 114,3913
2692 114,43478
2693 114,47826
2694 114,52174
2695 114,56522
2696 114,6087
2697 114,65217
2698 114,69565
2699 114,73913
2700 114,78261
2701 114,82609
2702 114,86957
2703 114,91304
2704 114,95652
2705 115
2706 115,04348
2707 115,08696
2708 115,13043
2709 115,17391
2710 115,21739
2711 115,26087
2712 115,30435
2713 115,34783
2714 115,3913
2715 115,43478
2716 115,47826
2717 115,52174
2718 115,56522
2719 115,6087
2720 115,65217
2721 115,69565
2722 115,73913
2723 115,78261
2724 115,82609
2725 115,86957
2726 115,91304
2727 115,95652
2728 116
2729 116,04348
2730 116,08696
2731 116,13043
2732 116,17391
2733 116,21739
2734 116,26087
2735 116,30435
2736 116,34783
2737 116,3913
2738 116,43478
2739 116,47826
2740 116,52174
2741 116,56522
2742 116,6087
2743 116,65217
2744 116,69565
2745 116,73913
2746 116,78261
2747 116,82609
2748 116,86957
2749 116,91304
2750 116,95652
2751 117
2752 117,04348
2753 117,08696
2754 117,13043
2755 117,17391
2756 117,21739
2757 117,26087
2758 117,30435
2759 117,34783
2760 117,3913
2761 117,43478
2762 117,47826
2763 117,52174
2764 117,56522
2765 117,6087
2766 117,65217
2767 117,69565
2768 117,73913
2769 117,78261
2770 117,82609
2771 117,86957
2772 117,91304
2773 117,95652
2774 118
2775 118,04348
2776 118,08696
2777 118,13043
2778 118,17391
2779 118,21739
2780 118,26087
2781 118,30435
2782 118,34783
2783 118,3913
2784 118,43478
2785 118,47826
2786 118,52174
2787 118,56522
2788 118,6087
2789 118,65217
2790 118,69565
2791 118,73913
2792 118,78261
2793 118,82609
2794 118,86957
2795 118,91304
2796 118,95652
2797 119
2798 119,04348
2799 119,08696
2800 119,13043
2801 119,17391
2802 119,21739
2803 119,26087
2804 119,30435
2805 119,34783
2806 119,3913
2807 119,43478
2808 119,47826
2809 119,52174
2810 119,56522
2811 119,6087
2812 119,65217
2813 119,69565
2814 119,73913
2815 119,78261
2816 119,82609
2817 119,86957
2818 119,91304
2819 119,95652
2820 120
2821 120,04545
2822 120,09091
2823 120,13636
2824 120,18182
2825 120,22727
2826 120,27273
2827 120,31818
2828 120,36364
2829 120,40909
2830 120,45455
2831 120,5
2832 120,54545
2833 120,59091
2834 120,63636
2835 120,68182
2836 120,72727
2837 120,77273
2838 120,81818
2839 120,86364
2840 120,90909
2841 120,95455
2842 121
2843 121,04545
2844 121,09091
2845 121,13636
2846 121,18182
2847 121,22727
2848 121,27273
2849 121,31818
2850 121,36364
2851 121,40909
2852 121,45455
2853 121,5
2854 121,54545
2855 121,59091
2856 121,63636
2857 121,68182
2858 121,72727
2859 121,77273
2860 121,81818
2861 121,86364
2862 121,90909
2863 121,95455
2864 122
2865 122,04545
2866 122,09091
2867 122,13636
2868 122,18182
2869 122,22727
2870 122,27273
2871 122,31818
2872 122,36364
2873 122,40909
2874 122,45455
2875 122,5
2876 122,54545
2877 122,59091
2878 122,63636
2879 122,68182
2880 122,72727
2881 122,77273
2882 122,81818
2883 122,86364
2884 122,90909
2885 122,95455
2886 123
2887 123,04545
2888 123,09091
2889 123,13636
2890 123,18182
2891 123,22727
2892 123,27273
2893 123,31818
2894 123,36364
2895 123,40909
2896 123,45455
2897 123,5
2898 123,54545
2899 123,59091
2900 123,63636
2901 123,68182
2902 123,72727
2903 123,77273
2904 123,81818
2905 123,86364
2906 123,90909
2907 123,95455
2908 124
2909 124,04545
2910 124,09091
2911 124,13636
2912 124,18182
2913 124,22727
2914 124,27273
2915 124,31818
2916 124,36364
2917 124,40909
2918 124,45455
2919 124,5
2920 124,54545
2921 124,59091
2922 124,63636
2923 124,68182
2924 124,72727
2925 124,77273
2926 124,81818
2927 124,86364
2928 124,90909
2929 124,95455
2930 125
2931 125,04545
2932 125,09091
2933 125,13636
2934 125,18182
2935 125,22727
2936 125,27273
2937 125,31818
2938 125,36364
2939 125,40909
2940 125,45455
2941 125,5
2942 125,54545
2943 125,59091
2944 125,63636
2945 125,68182
2946 125,72727
2947 125,77273
2948 125,81818
2949 125,86364
2950 125,90909
2951 125,95455
2952 126
2953 126,04545
2954 126,09091
2955 126,13636
2956 126,18182
2957 126,22727
2958 126,27273
2959 126,31818
2960 126,36364
2961 126,40909
2962 126,45455
2963 126,5
2964 126,54545
2965 126,59091
2966 126,63636
2967 126,68182
2968 126,72727
2969 126,77273
2970 126,81818
2971 126,86364
2972 126,90909
2973 126,95455
2974 127
2975 127,04545
2976 127,09091
2977 127,13636
2978 127,18182
2979 127,22727
2980 127,27273
2981 127,31818
2982 127,36364
2983 127,40909
2984 127,45455
2985 127,5
2986 127,54545
2987 127,59091
2988 127,63636
2989 127,68182
2990 127,72727
2991 127,77273
2992 127,81818
2993 127,86364
2994 127,90909
2995 127,95455
2996 128
2997 128,04545
2998 128,09091
2999 128,13636
3000 128,18182
3001 128,22727
3002 128,27273
3003 128,31818
3004 128,36364
3005 128,40909
3006 128,45455
3007 128,5
3008 128,54545
3009 128,59091
3010 128,63636
3011 128,68182
3012 128,72727
3013 128,77273
3014 128,81818
3015 128,86364
3016 128,90909
3017 128,95455
3018 129
3019 129,04545
3020 129,09091
3021 129,13636
3022 129,18182
3023 129,22727
3024 129,27273
3025 129,31818
3026 129,36364
3027 129,40909
3028 129,45455
3029 129,5
3030 129,54545
3031 129,59091
3032 129,63636
3033 129,68182
3034 129,72727
3035 129,77273
3036 129,81818
3037 129,86364
3038 129,90909
3039 129,95455
3040 130
3041 130,04545
3042 130,09091
3043 130,13636
3044 130,18182
3045 130,22727
3046 130,27273
3047 130,31818
3048 130,36364
3049 130,40909
3050 130,45455
3051 130,5
3052 130,54545
3053 130,59091
3054 130,63636
3055 130,68182
3056 130,72727
3057 130,77273
3058 130,81818
3059 130,86364
3060 130,90909
3061 130,95455
3062 131
3063 131,04545
3064 131,09091
3065 131,13636
3066 131,18182
3067 131,22727
3068 131,27273
3069 131,31818
3070 131,36364
3071 131,40909
3072 131,45455
3073 131,5
3074 131,54545
3075 131,59091
3076 131,63636
3077 131,68182
3078 131,72727
3079 131,77273
3080 131,81818
3081 131,86364
3082 131,90909
3083 131,95455
3084 132
3085 132,04545
3086 132,09091
3087 132,13636
3088 132,18182
3089 132,22727
3090 132,27273
3091 132,31818
3092 132,36364
3093 132,40909
3094 132,45455
3095 132,5
3096 132,54545
3097 132,59091
3098 132,63636
3099 132,68182
3100 132,72727
3101 132,77273
3102 132,81818
3103 132,86364
3104 132,90909
3105 132,95455
3106 133
3107 133,04545
3108 133,09091
3109 133,13636
3110 133,18182
3111 133,22727
3112 133,27273
3113 133,31818
3114 133,36364
3115 133,40909
3116 133,45455
3117 133,5
3118 133,54545
3119 133,59091
3120 133,63636
3121 133,68182
3122 133,72727
3123 133,77273
3124 133,81818
3125 133,86364
3126 133,90909
3127 133,95455
3128 134
3129 134,04545
3130 134,09091
3131 134,13636
3132 134,18182
3133 134,22727
3134 134,27273
3135 134,31818
3136 134,36364
3137 134,40909
3138 134,45455
3139 134,5
3140 134,54545
3141 134,59091
3142 134,63636
3143 134,68182
3144 134,72727
3145 134,77273
3146 134,81818
3147 134,86364
3148 134,90909
3149 134,95455
3150 135
3151 135,04545
3152 135,09091
3153 135,13636
3154 135,18182
3155 135,22727
3156 135,27273
3157 135,31818
3158 135,36364
3159 135,40909
3160 135,45455
3161 135,5
3162 135,54545
3163 135,59091
3164 135,63636
3165 135,68182
3166 135,72727
3167 135,77273
3168 135,81818
3169 135,86364
3170 135,90909
3171 135,95455
3172 136
3173 136,04545
3174 136,09091
3175 136,13636
3176 136,18182
3177 136,22727
3178 136,27273
3179 136,31818
3180 136,36364
3181 136,40909
3182 136,45455
3183 136,5
3184 136,54545
3185 136,59091
3186 136,63636
3187 136,68182
3188 136,72727
3189 136,77273
3190 136,81818
3191 136,86364
3192 136,90909
3193 136,95455
3194 137
3195 137,04545
3196 137,09091
3197 137,13636
3198 137,18182
3199 137,22727
3200 137,27273
3201 137,31818
3202 137,36364
3203 137,40909
3204 137,45455
3205 137,5
3206 137,54545
3207 137,59091
3208 137,63636
3209 137,68182
3210 137,72727
3211 137,77273
3212 137,81818
3213 137,86364
3214 137,90909
3215 137,95455
3216 138
3217 138,04545
3218 138,09091
3219 138,13636
3220 138,18182
3221 138,22727
3222 138,27273
3223 138,31818
3224 138,36364
3225 138,40909
3226 138,45455
3227 138,5
3228 138,54545
3229 138,59091
3230 138,63636
3231 138,68182
3232 138,72727
3233 138,77273
3234 138,81818
3235 138,86364
3236 138,90909
3237 138,95455
3238 139
3239 139,04545
3240 139,09091
3241 139,13636
3242 139,18182
3243 139,22727
3244 139,27273
3245 139,31818
3246 139,36364
3247 139,40909
3248 139,45455
3249 139,5
3250 139,54545
3251 139,59091
3252 139,63636
3253 139,68182
3254 139,72727
3255 139,77273
3256 139,81818
3257 139,86364
3258 139,90909
3259 139,95455
3260 140
3261 140,05
3262 140,1
3263 140,15
3264 140,2
3265 140,25
3266 140,3
3267 140,35
3268 140,4
3269 140,45
3270 140,5
3271 140,55
3272 140,6
3273 140,65
3274 140,7
3275 140,75
3276 140,8
3277 140,85
3278 140,9
3279 140,95
3280 141
3281 141,05
3282 141,1
3283 141,15
3284 141,2
3285 141,25
3286 141,3
3287 141,35
3288 141,4
3289 141,45
3290 141,5
3291 141,55
3292 141,6
3293 141,65
3294 141,7
3295 141,75
3296 141,8
3297 141,85
3298 141,9
3299 141,95
3300 142
3301 142,05
3302 142,1
3303 142,15
3304 142,2
3305 142,25
3306 142,3
3307 142,35
3308 142,4
3309 142,45
3310 142,5
3311 142,55
3312 142,6
3313 142,65
3314 142,7
3315 142,75
3316 142,8
3317 142,85
3318 142,9
3319 142,95
3320 143
3321 143,05
3322 143,1
3323 143,15
3324 143,2
3325 143,25
3326 143,3
3327 143,35
3328 143,4
3329 143,45
3330 143,5
3331 143,55
3332 143,6
3333 143,65
3334 143,7
3335 143,75
3336 143,8
3337 143,85
3338 143,9
3339 143,95
3340 144
3341 144,05
3342 144,1
3343 144,15
3344 144,2
3345 144,25
3346 144,3
3347 144,35
3348 144,4
3349 144,45
3350 144,5
3351 144,55
3352 144,6
3353 144,65
3354 144,7
3355 144,75
3356 144,8
3357 144,85
3358 144,9
3359 144,95
3360 145
3361 145,05
3362 145,1
3363 145,15
3364 145,2
3365 145,25
3366 145,3
3367 145,35
3368 145,4
3369 145,45
3370 145,5
3371 145,55
3372 145,6
3373 145,65
3374 145,7
3375 145,75
3376 145,8
3377 145,85
3378 145,9
3379 145,95
3380 146
3381 146,05
3382 146,1
3383 146,15
3384 146,2
3385 146,25
3386 146,3
3387 146,35
3388 146,4
3389 146,45
3390 146,5
3391 146,55
3392 146,6
3393 146,65
3394 146,7
3395 146,75
3396 146,8
3397 146,85
3398 146,9
3399 146,95
3400 147
3401 147,05
3402 147,1
3403 147,15
3404 147,2
3405 147,25
3406 147,3
3407 147,35
3408 147,4
3409 147,45
3410 147,5
3411 147,55
3412 147,6
3413 147,65
3414 147,7
3415 147,75
3416 147,8
3417 147,85
3418 147,9
3419 147,95
3420 148
3421 148,05
3422 148,1
3423 148,15
3424 148,2
3425 148,25
3426 148,3
3427 148,35
3428 148,4
3429 148,45
3430 148,5
3431 148,55
3432 148,6
3433 148,65
3434 148,7
3435 148,75
3436 148,8
3437 148,85
3438 148,9
3439 148,95
3440 149
3441 149,05
3442 149,1
3443 149,15
3444 149,2
3445 149,25
3446 149,3
3447 149,35
3448 149,4
3449 149,45
3450 149,5
3451 149,55
3452 149,6
3453 149,65
3454 149,7
3455 149,75
3456 149,8
3457 149,85
3458 149,9
3459 149,95
3460 150
3461 150,05
3462 150,1
3463 150,15
3464 150,2
3465 150,25
3466 150,3
3467 150,35
3468 150,4
3469 150,45
3470 150,5
3471 150,55
3472 150,6
3473 150,65
3474 150,7
3475 150,75
3476 150,8
3477 150,85
3478 150,9
3479 150,95
3480 151
3481 151,05
3482 151,1
3483 151,15
3484 151,2
3485 151,25
3486 151,3
3487 151,35
3488 151,4
3489 151,45
3490 151,5
3491 151,55
3492 151,6
3493 151,65
3494 151,7
3495 151,75
3496 151,8
3497 151,85
3498 151,9
3499 151,95
3500 152
3501 152,05
3502 152,1
3503 152,15
3504 152,2
3505 152,25
3506 152,3
3507 152,35
3508 152,4
3509 152,45
3510 152,5
3511 152,55
3512 152,6
3513 152,65
3514 152,7
3515 152,75
3516 152,8
3517 152,85
3518 152,9
3519 152,95
3520 153
3521 153,05
3522 153,1
3523 153,15
3524 153,2
3525 153,25
3526 153,3
3527 153,35
3528 153,4
3529 153,45
3530 153,5
3531 153,55
3532 153,6
3533 153,65
3534 153,7
3535 153,75
3536 153,8
3537 153,85
3538 153,9
3539 153,95
3540 154
3541 154,05
3542 154,1
3543 154,15
3544 154,2
3545 154,25
3546 154,3
3547 154,35
3548 154,4
3549 154,45
3550 154,5
3551 154,55
3552 154,6
3553 154,65
3554 154,7
3555 154,75
3556 154,8
3557 154,85
3558 154,9
3559 154,95
3560 155
3561 155,05
3562 155,1
3563 155,15
3564 155,2
3565 155,25
3566 155,3
3567 155,35
3568 155,4
3569 155,45
3570 155,5
3571 155,55
3572 155,6
3573 155,65
3574 155,7
3575 155,75
3576 155,8
3577 155,85
3578 155,9
3579 155,95
3580 156
3581 156,05
3582 156,1
3583 156,15
3584 156,2
3585 156,25
3586 156,3
3587 156,35
3588 156,4
3589 156,45
3590 156,5
3591 156,55
3592 156,6
3593 156,65
3594 156,7
3595 156,75
3596 156,8
3597 156,85
3598 156,9
3599 156,95
3600 157
3601 157,05
3602 157,1
3603 157,15
3604 157,2
3605 157,25
3606 157,3
3607 157,35
3608 157,4
3609 157,45
3610 157,5
3611 157,55
3612 157,6
3613 157,65
3614 157,7
3615 157,75
3616 157,8
3617 157,85
3618 157,9
3619 157,95
3620 158
3621 158,05
3622 158,1
3623 158,15
3624 158,2
3625 158,25
3626 158,3
3627 158,35
3628 158,4
3629 158,45
3630 158,5
3631 158,55
3632 158,6
3633 158,65
3634 158,7
3635 158,75
3636 158,8
3637 158,85
3638 158,9
3639 158,95
3640 159
3641 159,05
3642 159,1
3643 159,15
3644 159,2
3645 159,25
3646 159,3
3647 159,35
3648 159,4
3649 159,45
3650 159,5
3651 159,55
3652 159,6
3653 159,65
3654 159,7
3655 159,75
3656 159,8
3657 159,85
3658 159,9
3659 159,95
3660 160
3661 160,06667
3662 160,13333
3663 160,2
3664 160,26667
3665 160,33333
3666 160,4
3667 160,46667
3668 160,53333
3669 160,6
3670 160,66667
3671 160,73333
3672 160,8
3673 160,86667
3674 160,93333
3675 161
3676 161,06667
3677 161,13333
3678 161,2
3679 161,26667
3680 161,33333
3681 161,4
3682 161,46667
3683 161,53333
3684 161,6
3685 161,66667
3686 161,73333
3687 161,8
3688 161,86667
3689 161,93333
3690 162
3691 162,06667
3692 162,13333
3693 162,2
3694 162,26667
3695 162,33333
3696 162,4
3697 162,46667
3698 162,53333
3699 162,6
3700 162,66667
3701 162,73333
3702 162,8
3703 162,86667
3704 162,93333
3705 163
3706 163,06667
3707 163,13333
3708 163,2
3709 163,26667
3710 163,33333
3711 163,4
3712 163,46667
3713 163,53333
3714 163,6
3715 163,66667
3716 163,73333
3717 163,8
3718 163,86667
3719 163,93333
3720 164
3721 164,06667
3722 164,13333
3723 164,2
3724 164,26667
3725 164,33333
3726 164,4
3727 164,46667
3728 164,53333
3729 164,6
3730 164,66667
3731 164,73333
3732 164,8
3733 164,86667
3734 164,93333
3735 165
3736 165,06667
3737 165,13333
3738 165,2
3739 165,26667
3740 165,33333
3741 165,4
3742 165,46667
3743 165,53333
3744 165,6
3745 165,66667
3746 165,73333
3747 165,8
3748 165,86667
3749 165,93333
3750 166
3751 166,06667
3752 166,13333
3753 166,2
3754 166,26667
3755 166,33333
3756 166,4
3757 166,46667
3758 166,53333
3759 166,6
3760 166,66667
3761 166,73333
3762 166,8
3763 166,86667
3764 166,93333
3765 167
3766 167,06667
3767 167,13333
3768 167,2
3769 167,26667
3770 167,33333
3771 167,4
3772 167,46667
3773 167,53333
3774 167,6
3775 167,66667
3776 167,73333
3777 167,8
3778 167,86667
3779 167,93333
3780 168
3781 168,06667
3782 168,13333
3783 168,2
3784 168,26667
3785 168,33333
3786 168,4
3787 168,46667
3788 168,53333
3789 168,6
3790 168,66667
3791 168,73333
3792 168,8
3793 168,86667
3794 168,93333
3795 169
3796 169,06667
3797 169,13333
3798 169,2
3799 169,26667
3800 169,33333
3801 169,4
3802 169,46667
3803 169,53333
3804 169,6
3805 169,66667
3806 169,73333
3807 169,8
3808 169,86667
3809 169,93333
3810 170
3811 170,06667
3812 170,13333
3813 170,2
3814 170,26667
3815 170,33333
3816 170,4
3817 170,46667
3818 170,53333
3819 170,6
3820 170,66667
3821 170,73333
3822 170,8
3823 170,86667
3824 170,93333
3825 171
3826 171,06667
3827 171,13333
3828 171,2
3829 171,26667
3830 171,33333
3831 171,4
3832 171,46667
3833 171,53333
3834 171,6
3835 171,66667
3836 171,73333
3837 171,8
3838 171,86667
3839 171,93333
3840 172
3841 172,06667
3842 172,13333
3843 172,2
3844 172,26667
3845 172,33333
3846 172,4
3847 172,46667
3848 172,53333
3849 172,6
3850 172,66667
3851 172,73333
3852 172,8
3853 172,86667
3854 172,93333
3855 173
3856 173,06667
3857 173,13333
3858 173,2
3859 173,26667
3860 173,33333
3861 173,4
3862 173,46667
3863 173,53333
3864 173,6
3865 173,66667
3866 173,73333
3867 173,8
3868 173,86667
3869 173,93333
3870 174
3871 174,06667
3872 174,13333
3873 174,2
3874 174,26667
3875 174,33333
3876 174,4
3877 174,46667
3878 174,53333
3879 174,6
3880 174,66667
3881 174,73333
3882 174,8
3883 174,86667
3884 174,93333
3885 175
3886 175,06667
3887 175,13333
3888 175,2
3889 175,26667
3890 175,33333
3891 175,4
3892 175,46667
3893 175,53333
3894 175,6
3895 175,66667
3896 175,73333
3897 175,8
3898 175,86667
3899 175,93333
3900 176
3901 176,06667
3902 176,13333
3903 176,2
3904 176,26667
3905 176,33333
3906 176,4
3907 176,46667
3908 176,53333
3909 176,6
3910 176,66667
3911 176,73333
3912 176,8
3913 176,86667
3914 176,93333
3915 177
3916 177,06667
3917 177,13333
3918 177,2
3919 177,26667
3920 177,33333
3921 177,4
3922 177,46667
3923 177,53333
3924 177,6
3925 177,66667
3926 177,73333
3927 177,8
3928 177,86667
3929 177,93333
3930 178
3931 178,06667
3932 178,13333
3933 178,2
3934 178,26667
3935 178,33333
3936 178,4
3937 178,46667
3938 178,53333
3939 178,6
3940 178,66667
3941 178,73333
3942 178,8
3943 178,86667
3944 178,93333
3945 179
3946 179,06667
3947 179,13333
3948 179,2
3949 179,26667
3950 179,33333
3951 179,4
3952 179,46667
3953 179,53333
3954 179,6
3955 179,66667
3956 179,73333
3957 179,8
3958 179,86667
3959 179,93333
3960 180
3961 180,06667
3962 180,13333
3963 180,2
3964 180,26667
3965 180,33333
3966 180,4
3967 180,46667
3968 180,53333
3969 180,6
3970 180,66667
3971 180,73333
3972 180,8
3973 180,86667
3974 180,93333
3975 181
3976 181,06667
3977 181,13333
3978 181,2
3979 181,26667
3980 181,33333
3981 181,4
3982 181,46667
3983 181,53333
3984 181,6
3985 181,66667
3986 181,73333
3987 181,8
3988 181,86667
3989 181,93333
3990 182
3991 182,06667
3992 182,13333
3993 182,2
3994 182,26667
3995 182,33333
3996 182,4
3997 182,46667
3998 182,53333
3999 182,6
4000 182,66667
4001 182,73333
4002 182,8
4003 182,86667
4004 182,93333
4005 183
4006 183,06667
4007 183,13333
4008 183,2
4009 183,26667
4010 183,33333
4011 183,4
4012 183,46667
4013 183,53333
4014 183,6
4015 183,66667
4016 183,73333
4017 183,8
4018 183,86667
4019 183,93333
4020 184
4021 184,06667
4022 184,13333
4023 184,2
4024 184,26667
4025 184,33333
4026 184,4
4027 184,46667
4028 184,53333
4029 184,6
4030 184,66667
4031 184,73333
4032 184,8
4033 184,86667
4034 184,93333
4035 185
4036 185,06667
4037 185,13333
4038 185,2
4039 185,26667
4040 185,33333
4041 185,4
4042 185,46667
4043 185,53333
4044 185,6
4045 185,66667
4046 185,73333
4047 185,8
4048 185,86667
4049 185,93333
4050 186
4051 186,06667
4052 186,13333
4053 186,2
4054 186,26667
4055 186,33333
4056 186,4
4057 186,46667
4058 186,53333
4059 186,6
4060 186,66667
4061 186,73333
4062 186,8
4063 186,86667
4064 186,93333
4065 187
4066 187,06667
4067 187,13333
4068 187,2
4069 187,26667
4070 187,33333
4071 187,4
4072 187,46667
4073 187,53333
4074 187,6
4075 187,66667
4076 187,73333
4077 187,8
4078 187,86667
4079 187,93333
4080 188
4081 188,06667
4082 188,13333
4083 188,2
4084 188,26667
4085 188,33333
4086 188,4
4087 188,46667
4088 188,53333
4089 188,6
4090 188,66667
4091 188,73333
4092 188,8
4093 188,86667
4094 188,93333
4095 189
