494,65283
494,56941
494,48599
494,40257
494,31914
494,23572
494,1523
494,06888
493,98545
493,90203
493,81861
493,73519
493,65176
493,56834
493,48492
493,4015
493,31807
493,23465
493,15123
493,06781
492,98439
492,90096
492,81754
492,73412
492,6507
492,56727
492,48385
492,40043
492,31701
492,23358
492,15016
492,06674
491,98332
491,89989
491,81647
491,73305
491,64963
491,5662
491,48278
491,39936
491,31594
491,23251
491,14909
491,06567
490,98225
490,89882
490,8154
490,73198
490,64856
490,56513
490,48171
490,39829
490,31487
490,23144
490,14802
490,0646
489,98118
489,89775
489,81433
489,73091
489,64749
489,56406
489,48064
489,39722
489,3138
489,23037
489,14695
489,06353
488,98011
488,89668
488,81326
488,72984
488,64642
488,56299
488,47957
488,39615
488,31273
488,2293
488,14588
488,06246
487,97904
487,89561
487,81219
487,72877
487,64535
487,56193
487,4785
487,39508
487,31166
487,22824
487,14481
487,06139
486,97797
486,89455
486,81112
486,7277
486,64428
486,56086
486,47743
486,39401
486,31059
486,22717
486,14374
486,06032
485,9769
485,89348
485,81005
485,72663
485,64321
485,55979
485,47636
485,39294
485,30952
485,2261
485,14267
485,05925
484,97583
484,89241
484,80898
484,72556
484,64214
484,55872
484,47529
484,39187
484,30845
484,22503
484,1416
484,05818
483,97476
483,89134
483,80791
483,72449
483,64107
483,55765
483,47422
483,3908
483,30738
483,22396
483,14053
483,05711
482,97369
482,89027
482,80684
482,72342
482,64
482,55658
482,47316
482,38973
482,30631
482,22289
482,13947
482,05604
481,97262
481,8892
481,80578
481,72235
481,63893
481,55551
481,47209
481,38866
481,30524
481,22182
481,1384
481,05497
480,97155
480,88813
480,80471
480,72128
480,63786
480,55444
480,47102
480,38759
480,30417
480,22075
480,13733
480,0539
479,97048
479,88706
479,80364
479,72021
479,63679
479,55337
479,46995
479,38652
479,3031
479,21968
479,13626
479,05283
478,96941
478,88599
478,80257
478,71914
478,63572
478,5523
478,46888
478,38545
478,30203
478,21861
478,13519
478,05176
477,96834
477,88492
477,8015
477,71807
477,63465
477,55123
477,46781
477,38439
477,30096
477,21754
477,13412
477,0507
476,96727
476,88385
476,80043
476,71701
476,63358
476,55016
476,46674
476,38332
476,29989
476,21647
476,13305
476,04963
475,9662
475,88278
475,79936
475,71594
475,63251
475,54909
475,46567
475,38225
475,29882
475,2154
475,13198
475,04856
474,96513
474,88171
474,79829
474,71487
474,63144
474,54802
474,4646
474,38118
474,29775
474,21433
474,13091
474,04749
473,96406
473,88064
473,79722
473,7138
473,63037
473,54695
473,46353
473,38011
473,29668
473,21326
473,12984
473,04642
472,96299
472,87957
472,79615
472,71273
472,6293
472,54588
472,46246
472,37904
472,29561
472,21219
472,12877
472,04535
471,96193
471,8785
471,79508
471,71166
471,62824
471,54481
471,46139
471,37797
471,29455
471,21112
471,1277
471,04428
470,96086
470,87743
470,79401
470,71059
470,62717
470,54374
470,46032
470,3769
470,29348
470,21005
470,12663
470,04321
469,95979
469,87636
469,79294
469,70952
469,6261
469,54267
469,45925
469,37583
469,29241
469,20898
469,12556
469,04214
468,95872
468,87529
468,79187
468,70845
468,62503
468,5416
468,45818
468,37476
468,29134
468,20791
468,12449
468,04107
467,95765
467,87422
467,7908
467,70738
467,62396
467,54053
467,45711
467,37369
467,29027
467,20684
467,12342
467,04
466,95658
466,87316
466,78973
466,70631
466,62289
466,53947
466,45604
466,37262
466,2892
466,20578
466,12235
466,03893
465,95551
465,87209
465,78866
465,70524
465,62182
465,5384
465,45497
465,37155
465,28813
465,20471
465,12128
465,03786
464,95444
464,87102
464,78759
464,70417
464,62075
464,53733
464,4539
464,37048
464,28706
464,20364
464,12021
464,03679
463,95337
463,86995
463,78652
463,7031
463,61968
463,53626
463,45283
463,36941
463,28599
463,20257
463,11914
463,03572
462,9523
462,86888
462,78545
462,70203
462,61861
462,53519
462,45176
462,36834
462,28492
462,2015
462,11807
462,03465
461,95123
461,86781
461,78439
461,70096
461,61754
461,53412
461,4507
461,36727
461,28385
461,20043
461,11701
461,03358
460,95016
460,86674
460,78332
460,69989
460,61647
460,53305
460,44963
460,3662
460,28278
460,19936
460,11594
460,03251
459,94909
459,86567
459,78225
459,69882
459,6154
459,53198
459,44856
459,36513
459,28171
459,19829
459,11487
459,03144
458,94802
458,8646
458,78118
458,69775
458,61433
458,53091
458,44749
458,36406
458,28064
458,19722
458,1138
458,03037
457,94695
457,86353
457,78011
457,69668
457,61326
457,52984
457,44642
457,36299
457,27957
457,19615
457,11273
457,0293
456,94588
456,86246
456,77904
456,69561
456,61219
456,52877
456,44535
456,36193
456,2785
456,19508
456,11166
456,02824
455,94481
455,86139
455,77797
455,69455
455,61112
455,5277
455,44428
455,36086
455,27743
455,19401
455,11059
455,02717
454,94374
454,86032
454,7769
454,69348
454,61005
454,52663
454,44321
454,35979
454,27636
454,19294
454,10952
454,0261
453,94267
453,85925
453,77583
453,69241
453,60898
453,52556
453,44214
453,35872
453,27529
453,19187
453,10845
453,02503
452,9416
452,85818
452,77476
452,69134
452,60791
452,52449
452,44107
452,35765
452,27422
452,1908
452,10738
452,02396
451,94053
451,85711
451,77369
451,69027
451,60684
451,52342
451,44
451,35658
451,27316
451,18973
451,10631
451,02289
450,93947
450,85604
450,77262
450,6892
450,60578
450,52235
450,43893
450,35551
450,27209
450,18866
450,10524
450,02182
449,9384
449,85497
449,77155
449,68813
449,60471
449,52128
449,43786
449,35444
449,27102
449,18759
449,10417
449,02075
448,93733
448,8539
448,77048
448,68706
448,60364
448,52021
448,43679
448,35337
448,26995
448,18652
448,1031
448,01968
447,93626
447,85283
447,76941
447,68599
447,60257
447,51914
447,43572
447,3523
447,26888
447,18545
447,10203
447,01861
446,93519
446,85176
446,76834
446,68492
446,6015
446,51807
446,43465
446,35123
446,26781
446,18439
446,10096
446,01754
445,93412
445,8507
445,76727
445,68385
445,60043
445,51701
445,43358
445,35016
445,26674
445,18332
445,09989
445,01647
444,93305
444,84963
444,7662
444,68278
444,59936
444,51594
444,43251
444,34909
444,26567
444,18225
444,09882
444,0154
443,93198
443,84856
443,76513
443,68171
443,59829
443,51487
443,43144
443,34802
443,2646
443,18118
443,09775
443,01433
442,93091
442,84749
442,76406
442,68064
442,59722
442,5138
442,43037
442,34695
442,26353
442,18011
442,09668
442,01326
441,92984
441,84642
441,76299
441,67957
441,59615
441,51273
441,4293
441,34588
441,26246
441,17904
441,09561
441,01219
440,92877
440,84535
440,76193
440,6785
440,59508
440,51166
440,42824
440,34481
440,26139
440,17797
440,09455
440,01112
439,9277
439,84428
439,76086
439,67743
439,59401
439,51059
439,42717
439,34374
439,26032
439,1769
439,09348
439,01005
438,92663
438,84321
438,75979
438,67636
438,59294
438,50952
438,4261
438,34267
438,25925
438,17583
438,09241
438,00898
437,92556
437,84214
437,75872
437,67529
437,59187
437,50845
437,42503
437,3416
437,25818
437,17476
437,09134
437,00791
436,92449
436,84107
436,75765
436,67422
436,5908
436,50738
436,42396
436,34053
436,25711
436,17369
436,09027
436,00684
435,92342
435,84
435,75658
435,67316
435,58973
435,50631
435,42289
435,33947
435,25604
435,17262
435,0892
435,00578
434,92235
434,83893
434,75551
434,67209
434,58866
434,50524
434,42182
434,3384
434,25497
434,17155
434,08813
434,00471
433,92128
433,83786
433,75444
433,67102
433,58759
433,50417
433,42075
433,33733
433,2539
433,17048
433,08706
433,00364
432,92021
432,83679
432,75337
432,66995
432,58652
432,5031
432,41968
432,33626
432,25283
432,16941
432,08599
432,00257
431,91914
431,83572
431,7523
431,66888
431,58545
431,50203
431,41861
431,33519
431,25176
431,16834
431,08492
431,0015
430,91807
430,83465
430,75123
430,66781
430,58439
430,50096
430,41754
430,33412
430,2507
430,16727
430,08385
430,00043
429,91701
429,83358
429,75016
429,66674
429,58332
429,49989
429,41647
429,33305
429,24963
429,1662
429,08278
428,99936
428,91594
428,83251
428,74909
428,66567
428,58225
428,49882
428,4154
428,33198
428,24856
428,16513
428,08171
427,99829
427,91487
427,83144
427,74802
427,6646
427,58118
427,49775
427,41433
427,33091
427,24749
427,16406
427,08064
426,99722
426,9138
426,83037
426,74695
426,66353
426,58011
426,49668
426,41326
426,32984
426,24642
426,16299
426,07957
425,99615
425,91273
425,8293
425,74588
425,66246
425,57904
425,49561
425,41219
425,32877
425,24535
425,16193
425,0785
424,99508
424,91166
424,82824
424,74481
424,66139
424,57797
424,49455
424,41112
424,3277
424,24428
424,16086
424,07743
423,99401
423,91059
423,82717
423,74374
423,66032
423,5769
423,49348
423,41005
423,32663
423,24321
423,15979
423,07636
422,99294
422,90952
422,8261
422,74267
422,65925
422,57583
422,49241
422,40898
422,32556
422,24214
422,15872
422,07529
421,99187
421,90845
421,82503
421,7416
421,65818
421,57476
421,49134
421,40791
421,32449
421,24107
421,15765
421,07422
420,9908
420,90738
420,82396
420,74053
420,65711
420,57369
420,49027
420,40684
420,32342
420,24
420,15658
420,07316
419,98973
419,90631
419,82289
419,73947
419,65604
419,57262
419,4892
419,40578
419,32235
419,23893
419,15551
419,07209
418,98866
418,90524
418,82182
418,7384
418,65497
418,57155
418,48813
418,40471
418,32128
418,23786
418,15444
418,07102
417,98759
417,90417
417,82075
417,73733
417,6539
417,57048
417,48706
417,40364
417,32021
417,23679
417,15337
417,06995
416,98652
416,9031
416,81968
416,73626
416,65283
416,56941
416,48599
416,40257
416,31914
416,23572
416,1523
416,06888
415,98545
415,90203
415,81861
415,73519
415,65176
415,56834
415,48492
415,4015
415,31807
415,23465
415,15123
415,06781
414,98439
414,90096
414,81754
414,73412
414,6507
414,56727
414,48385
414,40043
414,31701
414,23358
414,15016
414,06674
413,98332
413,89989
413,81647
413,73305
413,64963
413,5662
413,48278
413,39936
413,31594
413,23251
413,14909
413,06567
412,98225
412,89882
412,8154
412,73198
412,64856
412,56513
412,48171
412,39829
412,31487
412,23144
412,14802
412,0646
411,98118
411,89775
411,81433
411,73091
411,64749
411,56406
411,48064
411,39722
411,3138
411,23037
411,14695
411,06353
410,98011
410,89668
410,81326
410,72984
410,64642
410,56299
410,47957
410,39615
410,31273
410,2293
410,14588
410,06246
409,97904
409,89561
409,81219
409,72877
409,64535
409,56193
409,4785
409,39508
409,31166
409,22824
409,14481
409,06139
408,97797
408,89455
408,81112
408,7277
408,64428
408,56086
408,47743
408,39401
408,31059
408,22717
408,14374
408,06032
407,9769
407,89348
407,81005
407,72663
407,64321
407,55979
407,47636
407,39294
407,30952
407,2261
407,14267
407,05925
406,97583
406,89241
406,80898
406,72556
406,64214
406,55872
406,47529
406,39187
406,30845
406,22503
406,1416
406,05818
405,97476
405,89134
405,80791
405,72449
405,64107
405,55765
405,47422
405,3908
405,30738
405,22396
405,14053
405,05711
404,97369
404,89027
404,80684
404,72342
404,64
404,55637
404,47274
404,38911
404,30549
404,22186
404,13823
404,0546
403,97097
403,88734
403,80371
403,72008
403,63646
403,55283
403,4692
403,38557
403,30194
403,21831
403,13468
403,05105
402,96743
402,8838
402,80017
402,71654
402,63291
402,54928
402,46565
402,38203
402,2984
402,21477
402,13114
402,04751
401,96388
401,88025
401,79662
401,713
401,62937
401,54574
401,46211
401,37848
401,29485
401,21122
401,12759
401,04397
400,96034
400,87671
400,79308
400,70945
400,62582
400,54219
400,45857
400,37494
400,29131
400,20768
400,12405
400,04042
399,95679
399,87316
399,78954
399,70591
399,62228
399,53865
399,45502
399,37139
399,28776
399,20414
399,12051
399,03688
398,95325
398,86962
398,78599
398,70236
398,61873
398,53511
398,45148
398,36785
398,28422
398,20059
398,11696
398,03333
397,9497
397,86608
397,78245
397,69882
397,61519
397,53156
397,44793
397,3643
397,28068
397,19705
397,11342
397,02979
396,94616
396,86253
396,7789
396,69527
396,61165
396,52802
396,44439
396,36076
396,27713
396,1935
396,10987
396,02624
395,94262
395,85899
395,77536
395,69173
395,6081
395,52447
395,44084
395,35722
395,27359
395,18996
395,10633
395,0227
394,93907
394,85544
394,77181
394,68819
394,60456
394,52093
394,4373
394,35367
394,27004
394,18641
394,10278
394,01916
393,93553
393,8519
393,76827
393,68464
393,60101
393,51738
393,43376
393,35013
393,2665
393,18287
393,09924
393,01561
392,93198
392,84835
392,76473
392,6811
392,59747
392,51384
392,43021
392,34658
392,26295
392,17932
392,0957
392,01207
391,92844
391,84481
391,76118
391,67755
391,59392
391,5103
391,42667
391,34304
391,25941
391,17578
391,09215
391,00852
390,92489
390,84127
390,75764
390,67401
390,59038
390,50675
390,42312
390,33949
390,25586
390,17224
390,08861
390,00498
389,92135
389,83772
389,75409
389,67046
389,58684
389,50321
389,41958
389,33595
389,25232
389,16869
389,08506
389,00143
388,91781
388,83418
388,75055
388,66692
388,58329
388,49966
388,41603
388,33241
388,24878
388,16515
388,08152
387,99789
387,91426
387,83063
387,747
387,66338
387,57975
387,49612
387,41249
387,32886
387,24523
387,1616
387,07797
386,99435
386,91072
386,82709
386,74346
386,65983
386,5762
386,49257
386,40895
386,32532
386,24169
386,15806
386,07443
385,9908
385,90717
385,82354
385,73992
385,65629
385,57266
385,48903
385,4054
385,32177
385,23814
385,15451
385,07089
384,98726
384,90363
384,82
384,73637
384,65274
384,56911
384,48549
384,40186
384,31823
384,2346
384,15097
384,06734
383,98371
383,90008
383,81646
383,73283
383,6492
383,56557
383,48194
383,39831
383,31468
383,23105
383,14743
383,0638
382,98017
382,89654
382,81291
382,72928
382,64565
382,56203
382,4784
382,39477
382,31114
382,22751
382,14388
382,06025
381,97662
381,893
381,80937
381,72574
381,64211
381,55848
381,47485
381,39122
381,30759
381,22397
381,14034
381,05671
380,97308
380,88945
380,80582
380,72219
380,63857
380,55494
380,47131
380,38768
380,30405
380,22042
380,13679
380,05316
379,96954
379,88591
379,80228
379,71865
379,63502
379,55139
379,46776
379,38414
379,30051
379,21688
379,13325
379,04962
378,96599
378,88236
378,79873
378,71511
378,63148
378,54785
378,46422
378,38059
378,29696
378,21333
378,1297
378,04608
377,96245
377,87882
377,79519
377,71156
377,62793
377,5443
377,46068
377,37705
377,29342
377,20979
377,12616
377,04253
376,9589
376,87527
376,79165
376,70802
376,62439
376,54076
376,45713
376,3735
376,28987
376,20624
376,12262
376,03899
375,95536
375,87173
375,7881
375,70447
375,62084
375,53722
375,45359
375,36996
375,28633
375,2027
375,11907
375,03544
374,95181
374,86819
374,78456
374,70093
374,6173
374,53367
374,45004
374,36641
374,28278
374,19916
374,11553
374,0319
373,94827
373,86464
373,78101
373,69738
373,61376
373,53013
373,4465
373,36287
373,27924
373,19561
373,11198
373,02835
372,94473
372,8611
372,77747
372,69384
372,61021
372,52658
372,44295
372,35932
372,2757
372,19207
372,10844
372,02481
371,94118
371,85755
371,77392
371,6903
371,60667
371,52304
371,43941
371,35578
371,27215
371,18852
371,10489
371,02127
370,93764
370,85401
370,77038
370,68675
370,60312
370,51949
370,43586
370,35224
370,26861
370,18498
370,10135
370,01772
369,93409
369,85046
369,76684
369,68321
369,59958
369,51595
369,43232
369,34869
369,26506
369,18143
369,09781
369,01418
368,93055
368,84692
368,76329
368,67966
368,59603
368,51241
368,42878
368,34515
368,26152
368,17789
368,09426
368,01063
367,927
367,84338
367,75975
367,67612
367,59249
367,50886
367,42523
367,3416
367,25797
367,17435
367,09072
367,00709
366,92346
366,83983
366,7562
366,67257
366,58895
366,50532
366,42169
366,33806
366,25443
366,1708
366,08717
366,00354
365,91992
365,83629
365,75266
365,66903
365,5854
365,50177
365,41814
365,33451
365,25089
365,16726
365,08363
365
364,916
364,832
364,748
364,664
364,58
364,496
364,412
364,328
364,244
364,16
364,076
363,992
363,908
363,824
363,74
363,656
363,572
363,488
363,404
363,32
363,236
363,152
363,068
362,984
362,9
362,816
362,732
362,648
362,564
362,48
362,396
362,312
362,228
362,144
362,06
361,976
361,892
361,808
361,724
361,64
361,556
361,472
361,388
361,304
361,22
361,136
361,052
360,968
360,884
360,8
360,716
360,632
360,548
360,464
360,38
360,296
360,212
360,128
360,044
359,96
359,876
359,792
359,708
359,624
359,54
359,456
359,372
359,288
359,204
359,12
359,036
358,952
358,868
358,784
358,7
358,616
358,532
358,448
358,364
358,28
358,196
358,112
358,028
357,944
357,86
357,776
357,692
357,608
357,524
357,44
357,356
357,272
357,188
357,104
357,02
356,936
356,852
356,768
356,684
356,6
356,516
356,432
356,348
356,264
356,18
356,096
356,012
355,928
355,844
355,76
355,676
355,592
355,508
355,424
355,34
355,256
355,172
355,088
355,004
354,92
354,836
354,752
354,668
354,584
354,5
354,416
354,332
354,248
354,164
354,08
353,996
353,912
353,828
353,744
353,66
353,576
353,492
353,408
353,324
353,24
353,156
353,072
352,988
352,904
352,82
352,736
352,652
352,568
352,484
352,4
352,316
352,232
352,148
352,064
351,98
351,896
351,812
351,728
351,644
351,56
351,476
351,392
351,308
351,224
351,14
351,056
350,972
350,888
350,804
350,72
350,636
350,552
350,468
350,384
350,3
350,216
350,132
350,048
349,964
349,88
349,796
349,712
349,628
349,544
349,46
349,376
349,292
349,208
349,124
349,04
348,956
348,872
348,788
348,704
348,62
348,536
348,452
348,368
348,284
348,2
348,116
348,032
347,948
347,864
347,78
347,696
347,612
347,528
347,444
347,36
347,276
347,192
347,108
347,024
346,94
346,856
346,772
346,688
346,604
346,52
346,436
346,352
346,268
346,184
346,1
346,016
345,932
345,848
345,764
345,68
345,596
345,512
345,428
345,344
345,26
345,176
345,092
345,008
344,924
344,84
344,756
344,672
344,588
344,504
344,42
344,336
344,252
344,168
344,084
344
343,916
343,832
343,748
343,664
343,58
343,496
343,412
343,328
343,244
343,16
343,076
342,992
342,908
342,824
342,74
342,656
342,572
342,488
342,404
342,32
342,236
342,152
342,068
341,984
341,9
341,816
341,732
341,648
341,564
341,48
341,396
341,312
341,228
341,144
341,06
340,976
340,892
340,808
340,724
340,64
340,556
340,472
340,388
340,304
340,22
340,136
340,052
339,968
339,884
339,8
339,716
339,632
339,548
339,464
339,38
339,296
339,212
339,128
339,044
338,96
338,876
338,792
338,708
338,624
338,54
338,456
338,372
338,288
338,204
338,12
338,036
337,952
337,868
337,784
337,7
337,616
337,532
337,448
337,364
337,28
337,196
337,112
337,028
336,944
336,86
336,776
336,692
336,608
336,524
336,44
336,356
336,272
336,188
336,104
336,02
335,936
335,852
335,768
335,684
335,6
335,516
335,432
335,348
335,264
335,18
335,096
335,012
334,928
334,844
334,76
334,676
334,592
334,508
334,424
334,34
334,256
334,172
334,088
334,004
333,92
333,836
333,752
333,668
333,584
333,5
333,416
333,332
333,248
333,164
333,08
332,996
332,912
332,828
332,744
332,66
332,576
332,492
332,408
332,324
332,24
332,156
332,072
331,988
331,904
331,82
331,736
331,652
331,568
331,484
331,4
331,316
331,232
331,148
331,064
330,98
330,896
330,812
330,728
330,644
330,56
330,476
330,392
330,308
330,224
330,14
330,056
329,972
329,888
329,804
329,72
329,636
329,552
329,468
329,384
329,3
329,216
329,132
329,048
328,964
328,88
328,796
328,712
328,628
328,544
328,46
328,376
328,292
328,208
328,124
328,04
327,956
327,872
327,788
327,704
327,62
327,536
327,452
327,368
327,284
327,2
327,116
327,032
326,948
326,864
326,78
326,696
326,612
326,528
326,444
326,36
326,276
326,192
326,108
326,024
325,94
325,856
325,772
325,688
325,604
325,52
325,436
325,352
325,268
325,184
325,1
325,016
324,932
324,848
324,764
324,68
324,596
324,512
324,428
324,344
324,26
324,176
324,092
324,008
323,924
323,84
323,756
323,672
323,588
323,504
323,42
323,336
323,252
323,168
323,084
323
322,916
322,832
322,748
322,664
322,58
322,496
322,412
322,328
322,244
322,16
322,076
321,992
321,908
321,824
321,74
321,656
321,572
321,488
321,404
321,32
321,236
321,152
321,068
320,984
320,9
320,816
320,732
320,648
320,564
320,48
320,396
320,312
320,228
320,144
320,06
319,976
319,892
319,808
319,724
319,64
319,556
319,472
319,388
319,304
319,22
319,136
319,052
318,968
318,884
318,8
318,716
318,632
318,548
318,464
318,38
318,296
318,212
318,128
318,044
317,96
317,876
317,792
317,708
317,624
317,54
317,456
317,372
317,288
317,204
317,12
317,036
316,952
316,868
316,784
316,7
316,616
316,532
316,448
316,364
316,28
316,196
316,112
316,028
315,944
315,86
315,776
315,692
315,608
315,524
315,44
315,356
315,272
315,188
315,104
315,02
314,936
314,852
314,768
314,684
314,6
314,516
314,432
314,348
314,264
314,18
314,096
314,012
313,928
313,844
313,76
313,676
313,592
313,508
313,424
313,34
313,256
313,172
313,088
313,004
312,92
312,836
312,752
312,668
312,584
312,5
312,416
312,332
312,248
312,164
312,08
311,996
311,912
311,828
311,744
311,66
311,576
311,492
311,408
311,324
311,24
311,156
311,072
310,988
310,904
310,82
310,736
310,652
310,568
310,484
310,4
310,316
310,232
310,148
310,064
309,98
309,896
309,812
309,728
309,644
309,56
309,476
309,392
309,308
309,224
309,14
309,056
308,972
308,888
308,804
308,72
308,636
308,552
308,468
308,384
308,3
308,216
308,132
308,048
307,964
307,88
307,796
307,712
307,628
307,544
307,46
307,376
307,292
307,208
307,124
307,04
306,956
306,872
306,788
306,704
306,62
306,536
306,452
306,368
306,284
306,2
306,116
306,032
305,948
305,864
305,78
305,696
305,612
305,528
305,444
305,36
305,276
305,192
305,108
305,024
304,94
304,856
304,772
304,688
304,604
304,52
304,436
304,352
304,268
304,184
304,1
304,016
303,932
303,848
303,764
303,68
303,596
303,512
303,428
303,344
303,26
303,176
303,092
303,008
302,924
302,84
302,756
302,672
302,588
302,504
302,42
302,336
302,252
302,168
302,084
302
301,916
301,832
301,748
301,664
301,58
301,496
301,412
301,328
301,244
301,16
301,076
300,992
300,908
300,824
300,74
300,656
300,572
300,488
300,404
300,32
300,236
300,152
300,068
299,984
299,9
299,816
299,732
299,648
299,564
299,48
299,396
299,312
299,228
299,144
299,06
298,976
298,892
298,808
298,724
298,64
298,556
298,472
298,388
298,304
298,22
298,136
298,052
297,968
297,884
297,8
297,716
297,632
297,548
297,464
297,38
297,296
297,212
297,128
297,044
296,96
296,876
296,792
296,708
296,624
296,54
296,456
296,372
296,288
296,204
296,12
296,036
295,952
295,868
295,784
295,7
295,616
295,532
295,448
295,364
295,28
295,196
295,112
295,028
294,944
294,86
294,776
294,692
294,608
294,524
294,44
294,356
294,272
294,188
294,104
294,02
293,936
293,852
293,768
293,684
293,6
293,516
293,432
293,348
293,264
293,18
293,096
293,012
292,928
292,844
292,76
292,676
292,592
292,508
292,424
292,34
292,256
292,172
292,088
292,004
291,92
291,836
291,752
291,668
291,584
291,5
291,416
291,332
291,248
291,164
291,08
290,996
290,912
290,828
290,744
290,66
290,576
290,492
290,408
290,324
290,24
290,156
290,072
289,988
289,904
289,82
289,736
289,652
289,568
289,484
289,4
289,316
289,232
289,148
289,064
288,98
288,896
288,812
288,728
288,644
288,56
288,476
288,392
288,308
288,224
288,14
288,056
287,972
287,888
287,804
287,72
287,636
287,552
287,468
287,384
287,3
287,216
287,132
287,048
286,964
286,88
286,796
286,712
286,628
286,544
286,46
286,376
286,292
286,208
286,124
286,04
285,956
285,872
285,788
285,704
285,62
285,536
285,452
285,368
285,284
285,2
285,116
285,032
284,948
284,864
284,78
284,696
284,612
284,528
284,444
284,36
284,276
284,192
284,108
284,024
283,94
283,856
283,772
283,688
283,604
283,52
283,436
283,352
283,268
283,184
283,1
283,016
282,932
282,848
282,764
282,68
282,596
282,512
282,428
282,344
282,26
282,176
282,092
282,008
281,924
281,84
281,756
281,672
281,588
281,504
281,42
281,336
281,252
281,168
281,084
281
280,916
280,832
280,748
280,664
280,58
280,496
280,412
280,328
280,244
280,16
280,076
279,992
279,908
279,824
279,74
279,656
279,572
279,488
279,404
279,32
279,236
279,152
279,068
278,984
278,9
278,816
278,732
278,648
278,564
278,48
278,396
278,312
278,228
278,144
278,06
277,976
277,892
277,808
277,724
277,64
277,556
277,472
277,388
277,304
277,22
277,136
277,052
276,968
276,884
276,8
276,716
276,632
276,548
276,464
276,38
276,296
276,212
276,128
276,044
275,96
275,876
275,792
275,708
275,624
275,54
275,456
275,372
275,288
275,204
275,12
275,036
274,952
274,868
274,784
274,7
274,616
274,532
274,448
274,364
274,28
274,196
274,112
274,028
273,944
273,86
273,776
273,692
273,608
273,524
273,44
273,356
273,272
273,188
273,104
273,02
272,936
272,852
272,768
272,684
272,6
272,516
272,432
272,348
272,264
272,18
272,096
272,012
271,928
271,844
271,76
271,676
271,592
271,508
271,424
271,34
271,256
271,172
271,088
271,004
270,92
270,836
270,752
270,668
270,584
270,5
270,416
270,332
270,248
270,164
270,08
269,996
269,912
269,828
269,744
269,66
269,576
269,492
269,408
269,324
269,24
269,156
269,072
268,988
268,904
268,82
268,736
268,652
268,568
268,484
268,4
268,316
268,232
268,148
268,064
267,98
267,896
267,812
267,728
267,644
267,56
267,476
267,392
267,308
267,224
267,14
267,056
266,972
266,888
266,804
266,72
266,636
266,552
266,468
266,384
266,3
266,216
266,132
266,048
265,964
265,88
265,796
265,712
265,628
265,544
265,46
265,376
265,292
265,208
265,124
265,04
264,956
264,872
264,788
264,704
264,62
264,536
264,452
264,368
264,284
264,2
264,116
264,032
263,948
263,864
263,78
263,696
263,612
263,528
263,444
263,36
263,276
263,192
263,108
263,024
262,94
262,856
262,772
262,688
262,604
262,52
262,436
262,352
262,268
262,184
262,1
262,016
261,932
261,848
261,764
261,68
261,596
261,512
261,428
261,344
261,26
261,176
261,092
261,008
260,924
260,84
260,756
260,672
260,588
260,504
260,42
260,336
260,252
260,168
260,084
260
259,916
259,832
259,748
259,664
259,58
259,496
259,412
259,328
259,244
259,16
259,076
258,992
258,908
258,824
258,74
258,656
258,572
258,488
258,404
258,32
258,236
258,152
258,068
257,984
257,9
257,816
257,732
257,648
257,564
257,48
257,396
257,312
257,228
257,144
257,06
256,976
256,892
256,808
256,724
256,64
256,556
256,472
256,388
256,304
256,22
256,136
256,052
255,968
255,884
255,8
255,716
255,632
255,548
255,464
255,38
255,296
255,212
255,128
255,044
254,96
254,876
254,792
254,708
254,624
254,54
254,456
254,372
254,288
254,204
254,12
254,036
253,952
253,868
253,784
253,7
253,616
253,532
253,448
253,364
253,28
253,196
253,112
253,028
252,944
252,86
252,776
252,692
252,608
252,524
252,44
252,356
252,272
252,188
252,104
252,02
251,936
251,852
251,768
251,684
251,6
251,516
251,432
251,348
251,264
251,18
251,096
251,012
250,928
250,844
250,76
250,676
250,592
250,508
250,424
250,34
250,256
250,172
250,088
250,004
249,92
249,836
249,752
249,668
249,584
249,5
249,416
249,332
249,248
249,164
249,08
248,996
248,912
248,828
248,744
248,66
248,576
248,492
248,408
248,324
248,24
248,156
248,072
247,988
247,904
247,82
247,736
247,652
247,568
247,484
247,4
247,316
247,232
247,148
247,064
246,98
246,896
246,812
246,728
246,644
246,56
246,476
246,392
246,308
246,224
246,14
246,056
245,972
245,888
245,804
245,72
245,636
245,552
245,468
245,384
245,3
245,216
245,132
245,048
244,964
244,88
244,796
244,712
244,628
244,544
244,46
244,376
244,292
244,208
244,124
244,04
243,956
243,872
243,788
243,704
243,62
243,536
243,452
243,368
243,284
243,2
243,116
243,032
242,948
242,864
242,78
242,696
242,612
242,528
242,444
242,36
242,276
242,192
242,108
242,024
241,94
241,856
241,772
241,688
241,604
241,52
241,436
241,352
241,268
241,184
241,1
241,016
240,932
240,848
240,764
240,68
240,596
240,512
240,428
240,344
240,26
240,176
240,092
240,008
239,924
239,84
239,756
239,672
239,588
239,504
239,42
239,336
239,252
239,168
239,084
239
238,916
238,832
238,748
238,664
238,58
238,496
238,412
238,328
238,244
238,16
238,076
237,992
237,908
237,824
237,74
237,656
237,572
237,488
237,404
237,32
237,236
237,152
237,068
236,984
236,9
236,816
236,732
236,648
236,564
236,48
236,396
236,312
236,228
236,144
236,06
235,976
235,892
235,808
235,724
235,64
235,556
235,472
235,388
235,304
235,22
235,136
235,052
234,968
234,884
234,8
234,716
234,632
234,548
234,464
234,38
234,296
234,212
234,128
234,044
233,96
233,876
233,792
233,708
233,624
233,54
233,456
233,372
233,288
233,204
233,12
233,036
232,952
232,868
232,784
232,7
232,616
232,532
232,448
232,364
232,28
232,196
232,112
232,028
231,944
231,86
231,776
231,692
231,608
231,524
231,44
231,356
231,272
231,188
231,104
231,02
230,936
230,852
230,768
230,684
230,6
230,516
230,432
230,348
230,264
230,18
230,096
230,012
229,928
229,844
229,76
229,676
229,592
229,508
229,424
229,34
229,256
229,172
229,088
229,004
228,92
228,836
228,752
228,668
228,584
228,5
228,416
228,332
228,248
228,164
228,08
227,996
227,912
227,828
227,744
227,66
227,576
227,492
227,408
227,324
227,24
227,156
227,072
226,988
226,904
226,82
226,736
226,652
226,568
226,484
226,4
226,316
226,232
226,148
226,064
225,98
225,896
225,812
225,728
225,644
225,56
225,476
225,392
225,308
225,224
225,14
225,056
224,972
224,888
224,804
224,72
224,636
224,552
224,468
224,384
224,3
224,216
224,132
224,048
223,964
223,88
223,796
223,712
223,628
223,544
223,46
223,376
223,292
223,208
223,124
223,04
222,956
222,872
222,788
222,704
222,62
222,536
222,452
222,368
222,284
222,2
222,116
222,032
221,948
221,864
221,78
221,696
221,612
221,528
221,444
221,36
221,276
221,192
221,108
221,024
220,94
220,856
220,772
220,688
220,604
220,52
220,436
220,352
220,268
220,184
220,1
220,016
219,932
219,848
219,764
219,68
219,596
219,512
219,428
219,344
219,26
219,176
219,092
219,008
218,924
218,84
218,756
218,672
218,588
218,504
218,42
218,336
218,252
218,168
218,084
218
217,916
217,832
217,748
217,664
217,58
217,496
217,412
217,328
217,244
217,16
217,076
216,992
216,908
216,824
216,74
216,656
216,572
216,488
216,404
216,32
216,236
216,152
216,068
215,984
215,9
215,816
215,732
215,648
215,564
215,48
215,396
215,312
215,228
215,144
215,06
214,976
214,892
214,808
214,724
214,64
214,556
214,472
214,388
214,304
214,22
214,136
214,052
213,968
213,884
213,8
213,716
213,632
213,548
213,464
213,38
213,296
213,212
213,128
213,044
212,96
212,876
212,792
212,708
212,624
212,54
212,456
212,372
212,288
212,204
212,12
212,036
211,952
211,868
211,784
211,7
211,616
211,532
211,448
211,364
211,28
211,196
211,112
211,028
210,944
210,86
210,776
210,692
210,608
210,524
210,44
210,356
210,272
210,188
210,104
210,02
209,936
209,852
209,768
209,684
209,6
209,516
209,432
209,348
209,264
209,18
209,096
209,012
208,928
208,844
208,76
208,676
208,592
208,508
208,424
208,34
208,256
208,172
208,088
208,004
207,92
207,836
207,752
207,668
207,584
207,5
207,416
207,332
207,248
207,164
207,08
206,996
206,912
206,828
206,744
206,66
206,576
206,492
206,408
206,324
206,24
206,156
206,072
205,988
205,904
205,82
205,736
205,652
205,568
205,484
205,4
205,316
205,232
205,148
205,064
204,98
204,896
204,812
204,728
204,644
204,56
204,476
204,392
204,308
204,224
204,14
204,056
203,972
203,888
203,804
203,72
203,636
203,552
203,468
203,384
203,3
203,216
203,132
203,048
202,964
202,88
202,796
202,712
202,628
202,544
202,46
202,376
202,292
202,208
202,124
202,04
201,956
201,872
201,788
201,704
201,62
201,536
201,452
201,368
201,284
201,2
201,116
201,032
200,948
200,864
200,78
200,696
200,612
200,528
200,444
200,36
200,276
200,192
200,108
200,024
199,94
199,856
199,772
199,688
199,604
199,52
199,436
199,352
199,268
199,184
199,1
199,016
198,932
198,848
198,764
198,68
198,596
198,512
198,428
198,344
198,26
198,176
198,092
198,008
197,924
197,84
197,756
197,672
197,588
197,504
197,42
197,336
197,252
197,168
197,084
197
196,916
196,832
196,748
196,664
196,58
196,496
196,412
196,328
196,244
196,16
196,076
195,992
195,908
195,824
195,74
195,656
195,572
195,488
195,404
195,32
195,236
195,152
195,068
194,984
194,9
194,816
194,732
194,648
194,564
194,48
194,396
194,312
194,228
194,144
194,06
193,976
193,892
193,808
193,724
193,64
193,556
193,472
193,388
193,304
193,22
193,136
193,052
192,968
192,884
192,8
192,716
192,632
192,548
192,464
192,38
192,296
192,212
192,128
192,044
191,96
191,876
191,792
191,708
191,624
191,54
191,456
191,372
191,288
191,204
191,12
191,036
190,952
190,868
190,784
190,7
190,616
190,532
190,448
190,364
190,28
190,196
190,112
190,028
189,944
189,86
189,776
189,692
189,608
189,524
189,44
189,356
189,272
189,188
189,104
1097,29217
1097,1263
1096,96042
1096,79454
1096,62867
1096,46279
1096,29691
1096,13104
1095,96516
1095,79929
1095,63341
1095,46753
1095,30166
1095,13578
1094,9699
1094,80403
1094,63815
1094,47227
1094,3064
1094,14052
1093,97464
1093,80877
1093,64289
1093,47701
1093,31114
1093,14526
1092,97938
1092,81351
1092,64763
1092,48175
1092,31588
1092,15
1091,98412
1091,81825
1091,65237
1091,48649
1091,32062
1091,15474
1090,98886
1090,82299
1090,65711
1090,49123
1090,32536
1090,15948
1089,9936
1089,82773
1089,66185
1089,49597
1089,3301
1089,16422
1088,99834
1088,83247
1088,66659
1088,50071
1088,33484
1088,16896
1088,00309
1087,83721
1087,67133
1087,50546
1087,33958
1087,1737
1087,00783
1086,84195
1086,67607
1086,5102
1086,34432
1086,17844
1086,01257
1085,84669
1085,68081
1085,51494
1085,34906
1085,18318
1085,01731
1084,85143
1084,68555
1084,51968
1084,3538
1084,18792
1084,02205
1083,85617
1083,69029
1083,52442
1083,35854
1083,19266
1083,02679
1082,86091
1082,69503
1082,52916
1082,36328
1082,1974
1082,03153
1081,86565
1081,69977
1081,5339
1081,36802
1081,20214
1081,03627
1080,87039
1080,70451
1080,53864
1080,37276
1080,20688
1080,04101
1079,87513
1079,70926
1079,54338
1079,3775
1079,21163
1079,04575
1078,87987
1078,714
1078,54812
1078,38224
1078,21637
1078,05049
1077,88461
1077,71874
1077,55286
1077,38698
1077,22111
1077,05523
1076,88935
1076,72348
1076,5576
1076,39172
1076,22585
1076,05997
1075,89409
1075,72822
1075,56234
1075,39646
1075,23059
1075,06471
1074,89883
1074,73296
1074,56708
1074,4012
1074,23533
1074,06945
1073,90357
1073,7377
1073,57182
1073,40594
1073,24007
1073,07419
1072,90831
1072,74244
1072,57656
1072,41068
1072,24481
1072,07893
1071,91305
1071,74718
1071,5813
1071,41543
1071,24955
1071,08367
1070,9178
1070,75192
1070,58604
1070,42017
1070,25429
1070,08841
1069,92254
1069,75666
1069,59078
1069,42491
1069,25903
1069,09315
1068,92728
1068,7614
1068,59552
1068,42965
1068,26377
1068,09789
1067,93202
1067,76614
1067,60026
1067,43439
1067,26851
1067,10263
1066,93676
1066,77088
1066,605
1066,43913
1066,27325
1066,10737
1065,9415
1065,77562
1065,60974
1065,44387
1065,27799
1065,11211
1064,94624
1064,78036
1064,61448
1064,44861
1064,28273
1064,11685
1063,95098
1063,7851
1063,61922
1063,45335
1063,28747
1063,1216
1062,95572
1062,78984
1062,62397
1062,45809
1062,29221
1062,12634
1061,96046
1061,79458
1061,62871
1061,46283
1061,29695
1061,13108
1060,9652
1060,79932
1060,63345
1060,46757
1060,30169
1060,13582
1059,96994
1059,80406
1059,63819
1059,47231
1059,30643
1059,14056
1058,97468
1058,8088
1058,64293
1058,47705
1058,31117
1058,1453
1057,97942
1057,81354
1057,64767
1057,48179
1057,31591
1057,15004
1056,98416
1056,81828
1056,65241
1056,48653
1056,32065
1056,15478
1055,9889
1055,82302
1055,65715
1055,49127
1055,3254
1055,15952
1054,99364
1054,82777
1054,66189
1054,49601
1054,33014
1054,16426
1053,99838
1053,83251
1053,66663
1053,50075
1053,33488
1053,169
1053,00312
1052,83725
1052,67137
1052,50549
1052,33962
1052,17374
1052,00786
1051,84199
1051,67611
1051,51023
1051,34436
1051,17848
1051,0126
1050,84673
1050,68085
1050,51497
1050,3491
1050,18322
1050,01734
1049,85147
1049,68559
1049,51971
1049,35384
1049,18796
1049,02208
1048,85621
1048,69033
1048,52445
1048,35858
1048,1927
1048,02682
1047,86095
1047,69507
1047,52919
1047,36332
1047,19744
1047,03157
1046,86569
1046,69981
1046,53394
1046,36806
1046,20218
1046,03631
1045,87043
1045,70455
1045,53868
1045,3728
1045,20692
1045,04105
1044,87517
1044,70929
1044,54342
1044,37754
1044,21166
1044,04579
1043,87991
1043,71403
1043,54816
1043,38228
1043,2164
1043,05053
1042,88465
1042,71877
1042,5529
1042,38702
1042,22114
1042,05527
1041,88939
1041,72351
1041,55764
1041,39176
1041,22588
1041,06001
1040,89413
1040,72825
1040,56238
1040,3965
1040,23062
1040,06475
1039,89887
1039,73299
1039,56712
1039,40124
1039,23536
1039,06949
1038,90361
1038,73774
1038,57186
1038,40598
1038,24011
1038,07423
1037,90835
1037,74248
1037,5766
1037,41072
1037,24485
1037,07897
1036,91309
1036,74722
1036,58134
1036,41546
1036,24959
1036,08371
1035,91783
1035,75196
1035,58608
1035,4202
1035,25433
1035,08845
1034,92257
1034,7567
1034,59082
1034,42494
1034,25907
1034,09319
1033,92731
1033,76144
1033,59556
1033,42968
1033,26381
1033,09793
1032,93205
1032,76618
1032,6003
1032,43442
1032,26855
1032,10267
1031,93679
1031,77092
1031,60504
1031,43916
1031,27329
1031,10741
1030,94153
1030,77566
1030,60978
1030,44391
1030,27803
1030,11215
1029,94628
1029,7804
1029,61452
1029,44865
1029,28277
1029,11689
1028,95102
1028,78514
1028,61926
1028,45339
1028,28751
1028,12163
1027,95576
1027,78988
1027,624
1027,45813
1027,29225
1027,12637
1026,9605
1026,79462
1026,62874
1026,46287
1026,29699
1026,13111
1025,96524
1025,79936
1025,63348
1025,46761
1025,30173
1025,13585
1024,96998
1024,8041
1024,63822
1024,47235
1024,30647
1024,14059
1023,97472
1023,80884
1023,64296
1023,47709
1023,31121
1023,14533
1022,97946
1022,81358
1022,64771
1022,48183
1022,31595
1022,15008
1021,9842
1021,81832
1021,65245
1021,48657
1021,32069
1021,15482
1020,98894
1020,82306
1020,65719
1020,49131
1020,32543
1020,15956
1019,99368
1019,8278
1019,66193
1019,49605
1019,33017
1019,1643
1018,99842
1018,83254
1018,66667
1018,50079
1018,33491
1018,16904
1018,00316
1017,83728
1017,67141
1017,50553
1017,33965
1017,17378
1017,0079
1016,84202
1016,67615
1016,51027
1016,34439
1016,17852
1016,01264
1015,84676
1015,68089
1015,51501
1015,34913
1015,18326
1015,01738
1014,8515
1014,68563
1014,51975
1014,35388
1014,188
1014,02212
1013,85625
1013,69037
1013,52449
1013,35862
1013,19274
1013,02686
1012,86099
1012,69511
1012,52923
1012,36336
1012,19748
1012,0316
1011,86573
1011,69985
1011,53397
1011,3681
1011,20222
1011,03634
1010,87047
1010,70459
1010,53871
1010,37284
1010,20696
1010,04108
1009,87521
1009,70933
1009,54345
1009,37758
1009,2117
1009,04582
1008,87995
1008,71407
1008,54819
1008,38232
1008,21644
1008,05056
1007,88469
1007,71881
1007,55293
1007,38706
1007,22118
1007,0553
1006,88943
1006,72355
1006,55767
1006,3918
1006,22592
1006,06005
1005,89417
1005,72829
1005,56242
1005,39654
1005,23066
1005,06479
1004,89891
1004,73303
1004,56716
1004,40128
1004,2354
1004,06953
1003,90365
1003,73777
1003,5719
1003,40602
1003,24014
1003,07427
1002,90839
1002,74251
1002,57664
1002,41076
1002,24488
1002,07901
1001,91313
1001,74725
1001,58138
1001,4155
1001,24962
1001,08375
1000,91787
1000,75199
1000,58612
1000,42024
1000,25436
1000,08849
999,92261
999,75673
999,59086
999,42498
999,2591
999,09323
998,92735
998,76147
998,5956
998,42972
998,26384
998,09797
997,93209
997,76622
997,60034
997,43446
997,26859
997,10271
996,93683
996,77096
996,60508
996,4392
996,27333
996,10745
995,94157
995,7757
995,60982
995,44394
995,27807
995,11219
994,94631
994,78044
994,61456
994,44868
994,28281
994,11693
993,95105
993,78518
993,6193
993,45342
993,28755
993,12167
992,95579
992,78992
992,62404
992,45816
992,29229
992,12641
991,96053
991,79466
991,62878
991,4629
991,29703
991,13115
990,96527
990,7994
990,63352
990,46764
990,30177
990,13589
989,97002
989,80414
989,63826
989,47239
989,30651
989,14063
988,97476
988,80888
988,643
988,47713
988,31125
988,14537
987,9795
987,81362
987,64774
987,48187
987,31599
987,15011
986,98424
986,81836
986,65248
986,48661
986,32073
986,15485
985,98898
985,8231
985,65722
985,49135
985,32547
985,15959
984,99372
984,82784
984,66196
984,49609
984,33021
984,16433
983,99846
983,83258
983,6667
983,50083
983,33495
983,16907
983,0032
982,83732
982,67144
982,50557
982,33969
982,17381
982,00794
981,84206
981,67619
981,51031
981,34443
981,17856
981,01268
980,8468
980,68093
980,51505
980,34917
980,1833
980,01742
979,85154
979,68567
979,51979
979,35391
979,18804
979,02216
978,85628
978,69041
978,52453
978,35865
978,19278
978,0269
977,86102
977,69515
977,52927
977,36339
977,19752
977,03164
976,86576
976,69989
976,53401
976,36813
976,20226
976,03638
975,8705
975,70463
975,53875
975,37287
975,207
975,04112
974,87524
974,70937
974,54349
974,37761
974,21174
974,04586
973,87998
973,71411
973,54823
973,38236
973,21648
973,0506
972,88473
972,71885
972,55297
972,3871
972,22122
972,05534
971,88947
971,72359
971,55771
971,39184
971,22596
971,06008
970,89421
970,72833
970,56245
970,39658
970,2307
970,06482
969,89895
969,73307
969,56719
969,40132
969,23544
969,06956
968,90369
968,73781
968,57193
968,40606
968,24018
968,0743
967,90843
967,74255
967,57667
967,4108
967,24492
967,07904
966,91317
966,74729
966,58141
966,41554
966,24966
966,08378
965,91791
965,75203
965,58616
965,42028
965,2544
965,08853
964,92265
964,75677
964,5909
964,42502
964,25914
964,09327
963,92739
963,76151
963,59564
963,42976
963,26388
963,09801
962,93213
962,76625
962,60038
962,4345
962,26862
962,10275
961,93687
961,77099
961,60512
961,43924
961,27336
961,10749
960,94161
960,77573
960,60986
960,44398
960,2781
960,11223
959,94635
959,78047
959,6146
959,44872
959,28284
959,11697
958,95109
958,78521
958,61934
958,45346
958,28758
958,12171
957,95583
957,78995
957,62408
957,4582
957,29233
957,12645
956,96057
956,7947
956,62882
956,46294
956,29707
956,13119
955,96531
955,79944
955,63356
955,46768
955,30181
955,13593
954,97005
954,80418
954,6383
954,47242
954,30655
954,14067
953,97479
953,80892
953,64304
953,47716
953,31129
953,14541
952,97953
952,81366
952,64778
952,4819
952,31603
952,15015
951,98427
951,8184
951,65252
951,48664
951,32077
951,15489
950,98901
950,82314
950,65726
950,49138
950,32551
950,15963
949,99375
949,82788
949,662
949,49612
949,33025
949,16437
948,9985
948,83262
948,66674
948,50087
948,33499
948,16911
948,00324
947,83736
947,67148
947,50561
947,33973
947,17385
947,00798
946,8421
946,67622
946,51035
946,34447
946,17859
946,01272
945,84684
945,68096
945,51509
945,34921
945,18333
945,01746
944,85158
944,6857
944,51983
944,35395
944,18807
944,0222
943,85632
943,69044
943,52457
943,35869
943,19281
943,02694
942,86106
942,69518
942,52931
942,36343
942,19755
942,03168
941,8658
941,69992
941,53405
941,36817
941,20229
941,03642
940,87054
940,70467
940,53879
940,37291
940,20704
940,04116
939,87528
939,70941
939,54353
939,37765
939,21178
939,0459
938,88002
938,71415
938,54827
938,38239
938,21652
938,05064
937,88476
937,71889
937,55301
937,38713
937,22126
937,05538
936,8895
936,72363
936,55775
936,39187
936,226
936,06012
935,89424
935,72837
935,56249
935,39661
935,23074
935,06486
934,89898
934,73311
934,56723
934,40135
934,23548
934,0696
933,90372
933,73785
933,57197
933,40609
933,24022
933,07434
932,90847
932,74259
932,57671
932,41084
932,24496
932,07908
931,91321
931,74733
931,58145
931,41558
931,2497
931,08382
930,91795
930,75207
930,58619
930,42032
930,25444
930,08856
929,92269
929,75681
929,59093
929,42506
929,25918
929,0933
928,92743
928,76155
928,59567
928,4298
928,26392
928,09804
927,93217
927,76629
927,60041
927,43454
927,26866
927,10278
926,93691
926,77103
926,60515
926,43928
926,2734
926,10752
925,94165
925,77577
925,60989
925,44402
925,27814
925,11226
924,94639
924,78051
924,61464
924,44876
924,28288
924,11701
923,95113
923,78525
923,61938
923,4535
923,28762
923,12175
922,95587
922,78999
922,62412
922,45824
922,29236
922,12649
921,96061
921,79473
921,62886
921,46298
921,2971
921,13123
920,96535
920,79947
920,6336
920,46772
920,30184
920,13597
919,97009
919,80421
919,63834
919,47246
919,30658
919,14071
918,97483
918,80895
918,64308
918,4772
918,31132
918,14545
917,97957
917,81369
917,64782
917,48194
917,31606
917,15019
916,98431
916,81843
916,65256
916,48668
916,32081
916,15493
915,98905
915,82318
915,6573
915,49142
915,32555
915,15967
914,99379
914,82792
914,66204
914,49616
914,33029
914,16441
913,99853
913,83266
913,66678
913,5009
913,33503
913,16915
913,00327
912,8374
912,67152
912,50564
912,33977
912,17389
912,00801
911,84214
911,67626
911,51038
911,34451
911,17863
911,01275
910,84688
910,681
910,51512
910,34925
910,18337
910,01749
909,85162
909,68574
909,51986
909,35399
909,18811
909,02223
908,85636
908,69048
908,5246
908,35873
908,19285
908,02698
907,8611
907,69522
907,52935
907,36347
907,19759
907,03172
906,86584
906,69996
906,53409
906,36821
906,20233
906,03646
905,87058
905,7047
905,53883
905,37295
905,20707
905,0412
904,87532
904,70944
904,54357
904,37769
904,21181
904,04594
903,88006
903,71418
903,54831
903,38243
903,21655
903,05068
902,8848
902,71892
902,55305
902,38717
902,22129
902,05542
901,88954
901,72366
901,55779
901,39191
901,22603
901,06016
900,89428
900,7284
900,56253
900,39665
900,23078
900,0649
899,89902
899,73315
899,56727
899,40139
899,23552
899,06964
898,90376
898,73789
898,57201
898,40613
898,24026
898,07438
897,9085
897,74263
897,57675
897,41087
897,245
897,07912
896,91324
896,74737
896,58149
896,41561
896,24974
896,08386
895,91798
895,75211
895,58623
895,42035
895,25448
895,0886
894,92272
894,75685
894,59097
894,42509
894,25922
894,09334
893,92746
893,76159
893,59571
893,42983
893,26396
893,09808
892,9322
892,76633
892,60045
892,43457
892,2687
892,10282
891,93695
891,77107
891,60519
891,43932
891,27344
891,10756
890,94169
890,77581
890,60993
890,44406
890,27818
890,1123
889,94643
889,78055
889,61467
889,4488
889,28292
889,11704
888,95117
888,78529
888,61941
888,45354
888,28766
888,12178
887,95591
887,79003
887,62415
887,45828
887,2924
887,12652
886,96065
886,79477
886,62889
886,46302
886,29714
886,13126
885,96539
885,79951
885,63363
885,46776
885,30188
885,136
884,97013
884,80425
884,63837
884,4725
884,30662
884,14074
883,97487
883,80899
883,64312
883,47724
883,31136
883,14549
882,97961
882,81373
882,64786
882,48198
882,3161
882,15023
881,98435
881,81847
881,6526
881,48672
881,32084
881,15497
880,98909
880,82321
880,65734
880,49146
880,32558
880,15971
879,99383
879,82795
879,66208
879,4962
879,33032
879,16445
878,99857
878,83269
878,66682
878,50094
878,33506
878,16919
878,00331
877,83743
877,67156
877,50568
877,3398
877,17393
877,00805
876,84217
876,6763
876,51042
876,34454
876,17867
876,01279
875,84691
875,68104
875,51516
875,34929
875,18341
875,01753
874,85166
874,68578
874,5199
874,35403
874,18815
874,02227
873,8564
873,69052
873,52464
873,35877
873,19289
873,02701
872,86114
872,69526
872,52938
872,36351
872,19763
872,03175
871,86588
871,7
871,53231
871,36462
871,19692
871,02923
870,86154
870,69385
870,52615
870,35846
870,19077
870,02308
869,85538
869,68769
869,52
869,35231
869,18462
869,01692
868,84923
868,68154
868,51385
868,34615
868,17846
868,01077
867,84308
867,67538
867,50769
867,34
867,17231
867,00462
866,83692
866,66923
866,50154
866,33385
866,16615
865,99846
865,83077
865,66308
865,49538
865,32769
865,16
864,99231
864,82462
864,65692
864,48923
864,32154
864,15385
863,98615
863,81846
863,65077
863,48308
863,31538
863,14769
862,98
862,81231
862,64462
862,47692
862,30923
862,14154
861,97385
861,80615
861,63846
861,47077
861,30308
861,13538
860,96769
860,8
860,63231
860,46462
860,29692
860,12923
859,96154
859,79385
859,62615
859,45846
859,29077
859,12308
858,95538
858,78769
858,62
858,45231
858,28462
858,11692
857,94923
857,78154
857,61385
857,44615
857,27846
857,11077
856,94308
856,77538
856,60769
856,44
856,27231
856,10462
855,93692
855,76923
855,60154
855,43385
855,26615
855,09846
854,93077
854,76308
854,59538
854,42769
854,26
854,09231
853,92462
853,75692
853,58923
853,42154
853,25385
853,08615
852,91846
852,75077
852,58308
852,41538
852,24769
852,08
851,91231
851,74462
851,57692
851,40923
851,24154
851,07385
850,90615
850,73846
850,57077
850,40308
850,23538
850,06769
849,9
849,73231
849,56462
849,39692
849,22923
849,06154
848,89385
848,72615
848,55846
848,39077
848,22308
848,05538
847,88769
847,72
847,55231
847,38462
847,21692
847,04923
846,88154
846,71385
846,54615
846,37846
846,21077
846,04308
845,87538
845,70769
845,54
845,37231
845,20462
845,03692
844,86923
844,70154
844,53385
844,36615
844,19846
844,03077
843,86308
843,69538
843,52769
843,36
843,19231
843,02462
842,85692
842,68923
842,52154
842,35385
842,18615
842,01846
841,85077
841,68308
841,51538
841,34769
841,18
841,01231
840,84462
840,67692
840,50923
840,34154
840,17385
840,00615
839,83846
839,67077
839,50308
839,33538
839,16769
839
838,83231
838,66462
838,49692
838,32923
838,16154
837,99385
837,82615
837,65846
837,49077
837,32308
837,15538
836,98769
836,82
836,65231
836,48462
836,31692
836,14923
835,98154
835,81385
835,64615
835,47846
835,31077
835,14308
834,97538
834,80769
834,64
834,47231
834,30462
834,13692
833,96923
833,80154
833,63385
833,46615
833,29846
833,13077
832,96308
832,79538
832,62769
832,46
832,29231
832,12462
831,95692
831,78923
831,62154
831,45385
831,28615
831,11846
830,95077
830,78308
830,61538
830,44769
830,28
830,11231
829,94462
829,77692
829,60923
829,44154
829,27385
829,10615
828,93846
828,77077
828,60308
828,43538
828,26769
828,1
827,93231
827,76462
827,59692
827,42923
827,26154
827,09385
826,92615
826,75846
826,59077
826,42308
826,25538
826,08769
825,92
825,75231
825,58462
825,41692
825,24923
825,08154
824,91385
824,74615
824,57846
824,41077
824,24308
824,07538
823,90769
823,74
823,57231
823,40462
823,23692
823,06923
822,90154
822,73385
822,56615
822,39846
822,23077
822,06308
821,89538
821,72769
821,56
821,39231
821,22462
821,05692
820,88923
820,72154
820,55385
820,38615
820,21846
820,05077
819,88308
819,71538
819,54769
819,38
819,21231
819,04462
818,87692
818,70923
818,54154
818,37385
818,20615
818,03846
817,87077
817,70308
817,53538
817,36769
817,2
817,03231
816,86462
816,69692
816,52923
816,36154
816,19385
816,02615
815,85846
815,69077
815,52308
815,35538
815,18769
815,02
814,85231
814,68462
814,51692
814,34923
814,18154
814,01385
813,84615
813,67846
813,51077
813,34308
813,17538
813,00769
812,84
812,67231
812,50462
812,33692
812,16923
812,00154
811,83385
811,66615
811,49846
811,33077
811,16308
810,99538
810,82769
810,66
810,49231
810,32462
810,15692
809,98923
809,82154
809,65385
809,48615
809,31846
809,15077
808,98308
808,81538
808,64769
808,48
808,31231
808,14462
807,97692
807,80923
807,64154
807,47385
807,30615
807,13846
806,97077
806,80308
806,63538
806,46769
806,3
806,13231
805,96462
805,79692
805,62923
805,46154
805,29385
805,12615
804,95846
804,79077
804,62308
804,45538
804,28769
804,12
803,95231
803,78462
803,61692
803,44923
803,28154
803,11385
802,94615
802,77846
802,61077
802,44308
802,27538
802,10769
801,94
801,77231
801,60462
801,43692
801,26923
801,10154
800,93385
800,76615
800,59846
800,43077
800,26308
800,09538
799,92769
799,76
799,59231
799,42462
799,25692
799,08923
798,92154
798,75385
798,58615
798,41846
798,25077
798,08308
797,91538
797,74769
797,58
797,41231
797,24462
797,07692
796,90923
796,74154
796,57385
796,40615
796,23846
796,07077
795,90308
795,73538
795,56769
795,4
795,23231
795,06462
794,89692
794,72923
794,56154
794,39385
794,22615
794,05846
793,89077
793,72308
793,55538
793,38769
793,22
793,05231
792,88462
792,71692
792,54923
792,38154
792,21385
792,04615
791,87846
791,71077
791,54308
791,37538
791,20769
791,04
790,87231
790,70462
790,53692
790,36923
790,20154
790,03385
789,86615
789,69846
789,53077
789,36308
789,19538
789,02769
788,86
788,69231
788,52462
788,35692
788,18923
788,02154
787,85385
787,68615
787,51846
787,35077
787,18308
787,01538
786,84769
786,68
786,51231
786,34462
786,17692
786,00923
785,84154
785,67385
785,50615
785,33846
785,17077
785,00308
784,83538
784,66769
784,5
784,33231
784,16462
783,99692
783,82923
783,66154
783,49385
783,32615
783,15846
782,99077
782,82308
782,65538
782,48769
782,32
782,15231
781,98462
781,81692
781,64923
781,48154
781,31385
781,14615
780,97846
780,81077
780,64308
780,47538
780,30769
780,14
779,97231
779,80462
779,63692
779,46923
779,30154
779,13385
778,96615
778,79846
778,63077
778,46308
778,29538
778,12769
777,96
777,79231
777,62462
777,45692
777,28923
777,12154
776,95385
776,78615
776,61846
776,45077
776,28308
776,11538
775,94769
775,78
775,61231
775,44462
775,27692
775,10923
774,94154
774,77385
774,60615
774,43846
774,27077
774,10308
773,93538
773,76769
773,6
773,43231
773,26462
773,09692
772,92923
772,76154
772,59385
772,42615
772,25846
772,09077
771,92308
771,75538
771,58769
771,42
771,25231
771,08462
770,91692
770,74923
770,58154
770,41385
770,24615
770,07846
769,91077
769,74308
769,57538
769,40769
769,24
769,07231
768,90462
768,73692
768,56923
768,40154
768,23385
768,06615
767,89846
767,73077
767,56308
767,39538
767,22769
767,06
766,89231
766,72462
766,55692
766,38923
766,22154
766,05385
765,88615
765,71846
765,55077
765,38308
765,21538
765,04769
764,88
764,71231
764,54462
764,37692
764,20923
764,04154
763,87385
763,70615
763,53846
763,37077
763,20308
763,03538
762,86769
762,7
762,53231
762,36462
762,19692
762,02923
761,86154
761,69385
761,52615
761,35846
761,19077
761,02308
760,85538
760,68769
760,52
760,35231
760,18462
760,01692
759,84923
759,68154
759,51385
759,34615
759,17846
759,01077
758,84308
758,67538
758,50769
758,34
758,17231
758,00462
757,83692
757,66923
757,50154
757,33385
757,16615
756,99846
756,83077
756,66308
756,49538
756,32769
756,16
755,99231
755,82462
755,65692
755,48923
755,32154
755,15385
754,98615
754,81846
754,65077
754,48308
754,31538
754,14769
753,98
753,81231
753,64462
753,47692
753,30923
753,14154
752,97385
752,80615
752,63846
752,47077
752,30308
752,13538
751,96769
751,8
751,63231
751,46462
751,29692
751,12923
750,96154
750,79385
750,62615
750,45846
750,29077
750,12308
749,95538
749,78769
749,62
749,45231
749,28462
749,11692
748,94923
748,78154
748,61385
748,44615
748,27846
748,11077
747,94308
747,77538
747,60769
747,44
747,27231
747,10462
746,93692
746,76923
746,60154
746,43385
746,26615
746,09846
745,93077
745,76308
745,59538
745,42769
745,26
745,09231
744,92462
744,75692
744,58923
744,42154
744,25385
744,08615
743,91846
743,75077
743,58308
743,41538
743,24769
743,08
742,91231
742,74462
742,57692
742,40923
742,24154
742,07385
741,90615
741,73846
741,57077
741,40308
741,23538
741,06769
740,9
740,73231
740,56462
740,39692
740,22923
740,06154
739,89385
739,72615
739,55846
739,39077
739,22308
739,05538
738,88769
738,72
738,55231
738,38462
738,21692
738,04923
737,88154
737,71385
737,54615
737,37846
737,21077
737,04308
736,87538
736,70769
736,54
736,37231
736,20462
736,03692
735,86923
735,70154
735,53385
735,36615
735,19846
735,03077
734,86308
734,69538
734,52769
734,36
734,19231
734,02462
733,85692
733,68923
733,52154
733,35385
733,18615
733,01846
732,85077
732,68308
732,51538
732,34769
732,18
732,01231
731,84462
731,67692
731,50923
731,34154
731,17385
731,00615
730,83846
730,67077
730,50308
730,33538
730,16769
730
729,83182
729,66365
729,49547
729,3273
729,15912
728,99095
728,82277
728,65459
728,48642
728,31824
728,15007
727,98189
727,81371
727,64554
727,47736
727,30919
727,14101
726,97284
726,80466
726,63648
726,46831
726,30013
726,13196
725,96378
725,7956
725,62743
725,45925
725,29108
725,1229
724,95473
724,78655
724,61837
724,4502
724,28202
724,11385
723,94567
723,77749
723,60932
723,44114
723,27297
723,10479
722,93662
722,76844
722,60026
722,43209
722,26391
722,09574
721,92756
721,75938
721,59121
721,42303
721,25486
721,08668
720,91851
720,75033
720,58215
720,41398
720,2458
720,07763
719,90945
719,74127
719,5731
719,40492
719,23675
719,06857
718,9004
718,73222
718,56404
718,39587
718,22769
718,05952
717,89134
717,72316
717,55499
717,38681
717,21864
717,05046
716,88229
716,71411
716,54593
716,37776
716,20958
716,04141
715,87323
715,70505
715,53688
715,3687
715,20053
715,03235
714,86418
714,696
714,52782
714,35965
714,19147
714,0233
713,85512
713,68695
713,51877
713,35059
713,18242
713,01424
712,84607
712,67789
712,50971
712,34154
712,17336
712,00519
711,83701
711,66884
711,50066
711,33248
711,16431
710,99613
710,82796
710,65978
710,4916
710,32343
710,15525
709,98708
709,8189
709,65073
709,48255
709,31437
709,1462
708,97802
708,80985
708,64167
708,47349
708,30532
708,13714
707,96897
707,80079
707,63262
707,46444
707,29626
707,12809
706,95991
706,79174
706,62356
706,45538
706,28721
706,11903
705,95086
705,78268
705,61451
705,44633
705,27815
705,10998
704,9418
704,77363
704,60545
704,43727
704,2691
704,10092
703,93275
703,76457
703,5964
703,42822
703,26004
703,09187
702,92369
702,75552
702,58734
702,41916
702,25099
702,08281
701,91464
701,74646
701,57829
701,41011
701,24193
701,07376
700,90558
700,73741
700,56923
700,40105
700,23288
700,0647
699,89653
699,72835
699,56018
699,392
699,22382
699,05565
698,88747
698,7193
698,55112
698,38295
698,21477
698,04659
697,87842
697,71024
697,54207
697,37389
697,20571
697,03754
696,86936
696,70119
696,53301
696,36484
696,19666
696,02848
695,86031
695,69213
695,52396
695,35578
695,1876
695,01943
694,85125
694,68308
694,5149
694,34673
694,17855
694,01037
693,8422
693,67402
693,50585
693,33767
693,16949
693,00132
692,83314
692,66497
692,49679
692,32862
692,16044
691,99226
691,82409
691,65591
691,48774
691,31956
691,15138
690,98321
690,81503
690,64686
690,47868
690,31051
690,14233
689,97415
689,80598
689,6378
689,46963
689,30145
689,13327
688,9651
688,79692
688,62875
688,46057
688,2924
688,12422
687,95604
687,78787
687,61969
687,45152
687,28334
687,11516
686,94699
686,77881
686,61064
686,44246
686,27429
686,10611
685,93793
685,76976
685,60158
685,43341
685,26523
685,09705
684,92888
684,7607
684,59253
684,42435
684,25618
684,088
683,91982
683,75165
683,58347
683,4153
683,24712
683,07895
682,91077
682,74259
682,57442
682,40624
682,23807
682,06989
681,90171
681,73354
681,56536
681,39719
681,22901
681,06084
680,89266
680,72448
680,55631
680,38813
680,21996
680,05178
679,8836
679,71543
679,54725
679,37908
679,2109
679,04273
678,87455
678,70637
678,5382
678,37002
678,20185
678,03367
677,86549
677,69732
677,52914
677,36097
677,19279
677,02462
676,85644
676,68826
676,52009
676,35191
676,18374
676,01556
675,84738
675,67921
675,51103
675,34286
675,17468
675,00651
674,83833
674,67015
674,50198
674,3338
674,16563
673,99745
673,82927
673,6611
673,49292
673,32475
673,15657
672,9884
672,82022
672,65204
672,48387
672,31569
672,14752
671,97934
671,81116
671,64299
671,47481
671,30664
671,13846
670,97029
670,80211
670,63393
670,46576
670,29758
670,12941
669,96123
669,79305
669,62488
669,4567
669,28853
669,12035
668,95218
668,784
668,61582
668,44765
668,27947
668,1113
667,94312
667,77495
667,60677
667,43859
667,27042
667,10224
666,93407
666,76589
666,59771
666,42954
666,26136
666,09319
665,92501
665,75684
665,58866
665,42048
665,25231
665,08413
664,91596
664,74778
664,5796
664,41143
664,24325
664,07508
663,9069
663,73873
663,57055
663,40237
663,2342
663,06602
662,89785
662,72967
662,56149
662,39332
662,22514
662,05697
661,88879
661,72062
661,55244
661,38426
661,21609
661,04791
660,87974
660,71156
660,54338
660,37521
660,20703
660,03886
659,87068
659,70251
659,53433
659,36615
659,19798
659,0298
658,86163
658,69345
658,52527
658,3571
658,18892
658,02075
657,85257
657,6844
657,51622
657,34804
657,17987
657,01169
656,84352
656,67534
656,50716
656,33899
656,17081
656,00264
655,83446
655,66629
655,49811
655,32993
655,16176
654,99358
654,82541
654,65723
654,48905
654,32088
654,1527
653,98453
653,81635
653,64818
653,48
653,31182
653,14365
652,97547
652,8073
652,63912
652,47095
652,30277
652,13459
651,96642
651,79824
651,63007
651,46189
651,29371
651,12554
650,95736
650,78919
650,62101
650,45284
650,28466
650,11648
649,94831
649,78013
649,61196
649,44378
649,2756
649,10743
648,93925
648,77108
648,6029
648,43473
648,26655
648,09837
647,9302
647,76202
647,59385
647,42567
647,25749
647,08932
646,92114
646,75297
646,58479
646,41662
646,24844
646,08026
645,91209
645,74391
645,57574
645,40756
645,23938
645,07121
644,90303
644,73486
644,56668
644,39851
644,23033
644,06215
643,89398
643,7258
643,55763
643,38945
643,22127
643,0531
642,88492
642,71675
642,54857
642,3804
642,21222
642,04404
641,87587
641,70769
641,53952
641,37134
641,20316
641,03499
640,86681
640,69864
640,53046
640,36229
640,19411
640,02593
639,85776
639,68958
639,52141
639,35323
639,18505
639,01688
638,8487
638,68053
638,51235
638,34418
638,176
638,00782
637,83965
637,67147
637,5033
637,33512
637,16695
636,99877
636,83059
636,66242
636,49424
636,32607
636,15789
635,98971
635,82154
635,65336
635,48519
635,31701
635,14884
634,98066
634,81248
634,64431
634,47613
634,30796
634,13978
633,9716
633,80343
633,63525
633,46708
633,2989
633,13073
632,96255
632,79437
632,6262
632,45802
632,28985
632,12167
631,95349
631,78532
631,61714
631,44897
631,28079
631,11262
630,94444
630,77626
630,60809
630,43991
630,27174
630,10356
629,93538
629,76721
629,59903
629,43086
629,26268
629,09451
628,92633
628,75815
628,58998
628,4218
628,25363
628,08545
627,91727
627,7491
627,58092
627,41275
627,24457
627,0764
626,90822
626,74004
626,57187
626,40369
626,23552
626,06734
625,89916
625,73099
625,56281
625,39464
625,22646
625,05829
624,89011
624,72193
624,55376
624,38558
624,21741
624,04923
623,88105
623,71288
623,5447
623,37653
623,20835
623,04018
622,872
622,70382
622,53565
622,36747
622,1993
622,03112
621,86295
621,69477
621,52659
621,35842
621,19024
621,02207
620,85389
620,68571
620,51754
620,34936
620,18119
620,01301
619,84484
619,67666
619,50848
619,34031
619,17213
619,00396
618,83578
618,6676
618,49943
618,33125
618,16308
617,9949
617,82673
617,65855
617,49037
617,3222
617,15402
616,98585
616,81767
616,64949
616,48132
616,31314
616,14497
615,97679
615,80862
615,64044
615,47226
615,30409
615,13591
614,96774
614,79956
614,63138
614,46321
614,29503
614,12686
613,95868
613,79051
613,62233
613,45415
613,28598
613,1178
612,94963
612,78145
612,61327
612,4451
612,27692
612,10875
611,94057
611,7724
611,60422
611,43604
611,26787
611,09969
610,93152
610,76334
610,59516
610,42699
610,25881
610,09064
609,92246
609,75429
609,58611
609,41793
609,24976
609,08158
608,91341
608,74523
608,57705
608,40888
608,2407
608,07253
607,90435
607,73618
607,568
607,39982
607,23165
607,06347
606,8953
606,72712
606,55895
606,39077
606,22259
606,05442
605,88624
605,71807
605,54989
605,38171
605,21354
605,04536
604,87719
604,70901
604,54084
604,37266
604,20448
604,03631
603,86813
603,69996
603,53178
603,3636
603,19543
603,02725
602,85908
602,6909
602,52273
602,35455
602,18637
602,0182
601,85002
601,68185
601,51367
601,34549
601,17732
601,00914
600,84097
600,67279
600,50462
600,33644
600,16826
600,00009
599,83191
599,66374
599,49556
599,32738
599,15921
598,99103
598,82286
598,65468
598,48651
598,31833
598,15015
597,98198
597,8138
597,64563
597,47745
597,30927
597,1411
596,97292
596,80475
596,63657
596,4684
596,30022
596,13204
595,96387
595,79569
595,62752
595,45934
595,29116
595,12299
594,95481
594,78664
594,61846
594,45029
594,28211
594,11393
593,94576
593,77758
593,60941
593,44123
593,27305
593,10488
592,9367
592,76853
592,60035
592,43218
592,264
592,09582
591,92765
591,75947
591,5913
591,42312
591,25495
591,08677
590,91859
590,75042
590,58224
590,41407
590,24589
590,07771
589,90954
589,74136
589,57319
589,40501
589,23684
589,06866
588,90048
588,73231
588,56413
588,39596
588,22778
588,0596
587,89143
587,72325
587,55508
587,3869
587,21873
587,05055
586,88237
586,7142
586,54602
586,37785
586,20967
586,04149
585,87332
585,70514
585,53697
585,36879
585,20062
585,03244
584,86426
584,69609
584,52791
584,35974
584,19156
584,02338
583,85521
583,68703
583,51886
583,35068
583,18251
583,01433
582,84615
582,67798
582,5098
582,34163
582,17345
582,00527
581,8371
581,66892
581,50075
581,33257
581,1644
580,99622
580,82804
580,65987
580,49169
580,32352
580,15534
579,98716
579,81899
579,65081
579,48264
579,31446
579,14629
578,97811
578,80993
578,64176
578,47358
578,30541
578,13723
577,96905
577,80088
577,6327
577,46453
577,29635
577,12818
576,96
576,79137
576,62273
576,4541
576,28546
576,11683
575,9482
575,77956
575,61093
575,4423
575,27366
575,10503
574,93639
574,76776
574,59913
574,43049
574,26186
574,09322
573,92459
573,75596
573,58732
573,41869
573,25005
573,08142
572,91279
572,74415
572,57552
572,40689
572,23825
572,06962
571,90098
571,73235
571,56372
571,39508
571,22645
571,05781
570,88918
570,72055
570,55191
570,38328
570,21464
570,04601
569,87738
569,70874
569,54011
569,37148
569,20284
569,03421
568,86557
568,69694
568,52831
568,35967
568,19104
568,0224
567,85377
567,68514
567,5165
567,34787
567,17923
567,0106
566,84197
566,67333
566,5047
566,33607
566,16743
565,9988
565,83016
565,66153
565,4929
565,32426
565,15563
564,98699
564,81836
564,64973
564,48109
564,31246
564,14383
563,97519
563,80656
563,63792
563,46929
563,30066
563,13202
562,96339
562,79475
562,62612
562,45749
562,28885
562,12022
561,95158
561,78295
561,61432
561,44568
561,27705
561,10842
560,93978
560,77115
560,60251
560,43388
560,26525
560,09661
559,92798
559,75934
559,59071
559,42208
559,25344
559,08481
558,91617
558,74754
558,57891
558,41027
558,24164
558,07301
557,90437
557,73574
557,5671
557,39847
557,22984
557,0612
556,89257
556,72393
556,5553
556,38667
556,21803
556,0494
555,88077
555,71213
555,5435
555,37486
555,20623
555,0376
554,86896
554,70033
554,53169
554,36306
554,19443
554,02579
553,85716
553,68852
553,51989
553,35126
553,18262
553,01399
552,84536
552,67672
552,50809
552,33945
552,17082
552,00219
551,83355
551,66492
551,49628
551,32765
551,15902
550,99038
550,82175
550,65311
550,48448
550,31585
550,14721
549,97858
549,80995
549,64131
549,47268
549,30404
549,13541
548,96678
548,79814
548,62951
548,46087
548,29224
548,12361
547,95497
547,78634
547,6177
547,44907
547,28044
547,1118
546,94317
546,77454
546,6059
546,43727
546,26863
546,1
545,93137
545,76273
545,5941
545,42546
545,25683
545,0882
544,91956
544,75093
544,5823
544,41366
544,24503
544,07639
543,90776
543,73913
543,57049
543,40186
543,23322
543,06459
542,89596
542,72732
542,55869
542,39005
542,22142
542,05279
541,88415
541,71552
541,54689
541,37825
541,20962
541,04098
540,87235
540,70372
540,53508
540,36645
540,19781
540,02918
539,86055
539,69191
539,52328
539,35464
539,18601
539,01738
538,84874
538,68011
538,51148
538,34284
538,17421
538,00557
537,83694
537,66831
537,49967
537,33104
537,1624
536,99377
536,82514
536,6565
536,48787
536,31923
536,1506
535,98197
535,81333
535,6447
535,47607
535,30743
535,1388
534,97016
534,80153
534,6329
534,46426
534,29563
534,12699
533,95836
533,78973
533,62109
533,45246
533,28383
533,11519
532,94656
532,77792
532,60929
532,44066
532,27202
532,10339
531,93475
531,76612
531,59749
531,42885
531,26022
531,09158
530,92295
530,75432
530,58568
530,41705
530,24842
530,07978
529,91115
529,74251
529,57388
529,40525
529,23661
529,06798
528,89934
528,73071
528,56208
528,39344
528,22481
528,05617
527,88754
527,71891
527,55027
527,38164
527,21301
527,04437
526,87574
526,7071
526,53847
526,36984
526,2012
526,03257
525,86393
525,6953
525,52667
525,35803
525,1894
525,02077
524,85213
524,6835
524,51486
524,34623
524,1776
524,00896
523,84033
523,67169
523,50306
523,33443
523,16579
522,99716
522,82852
522,65989
522,49126
522,32262
522,15399
521,98536
521,81672
521,64809
521,47945
521,31082
521,14219
520,97355
520,80492
520,63628
520,46765
520,29902
520,13038
519,96175
519,79311
519,62448
519,45585
519,28721
519,11858
518,94995
518,78131
518,61268
518,44404
518,27541
518,10678
517,93814
517,76951
517,60087
517,43224
517,26361
517,09497
516,92634
516,7577
516,58907
516,42044
516,2518
516,08317
515,91454
515,7459
515,57727
515,40863
515,24
515,07137
514,90273
514,7341
514,56546
514,39683
514,2282
514,05956
513,89093
513,7223
513,55366
513,38503
513,21639
513,04776
512,87913
512,71049
512,54186
512,37322
512,20459
512,03596
511,86732
511,69869
511,53005
511,36142
511,19279
511,02415
510,85552
510,68689
510,51825
510,34962
510,18098
510,01235
509,84372
509,67508
509,50645
509,33781
509,16918
509,00055
508,83191
508,66328
508,49464
508,32601
508,15738
507,98874
507,82011
507,65148
507,48284
507,31421
507,14557
506,97694
506,80831
506,63967
506,47104
506,3024
506,13377
505,96514
505,7965
505,62787
505,45923
505,2906
505,12197
504,95333
504,7847
504,61607
504,44743
504,2788
504,11016
503,94153
503,7729
503,60426
503,43563
503,26699
503,09836
502,92973
502,76109
502,59246
502,42383
502,25519
502,08656
501,91792
501,74929
501,58066
501,41202
501,24339
501,07475
500,90612
500,73749
500,56885
500,40022
500,23158
500,06295
499,89432
499,72568
499,55705
499,38842
499,21978
499,05115
498,88251
498,71388
498,54525
498,37661
498,20798
498,03934
497,87071
497,70208
497,53344
497,36481
497,19617
497,02754
496,85891
496,69027
496,52164
496,35301
496,18437
496,01574
495,8471
495,67847
495,50984
495,3412
495,17257
495,00393
494,8353
494,66667
494,49803
494,3294
494,16077
493,99213
493,8235
493,65486
493,48623
493,3176
493,14896
492,98033
492,81169
492,64306
492,47443
492,30579
492,13716
491,96852
491,79989
491,63126
491,46262
491,29399
491,12536
490,95672
490,78809
490,61945
490,45082
490,28219
490,11355
489,94492
489,77628
489,60765
489,43902
489,27038
489,10175
488,93311
488,76448
488,59585
488,42721
488,25858
488,08995
487,92131
487,75268
487,58404
487,41541
487,24678
Np=7296